return [
AxialRep(
	VirasoroFusion(7,6),
	TrgpNC(
	Group( [ (1,2)(3,4), (1,3)(2,4) ] ),
	[ (1,2)(3,4), (1,3)(2,4) ],
	[ [ [ (1,2)(3,4), (1,3)(2,4) ], [ 2, "A" ] ] ]
),
	Alg(
	Rationals^5,
	[ [ [ 1, 0, 0, 0, 0 ] ], [ [ 0, 0, 1, 0, 0 ], [ 0, 1, 0, 0, 0 ] ], [ [ 0, 0, \
0, 1, 0 ], [ -17/98, 17/98, 0, 1, 0 ], [ -51/196, 17/196, -81/98, 2, 0 ] ], [ \
[ 0, 0, 0, 0, 1 ], [ -51/196, 17/196, 17/98, 0, 1 ], [ -5871/19208, 1133/19208\
, -2603/4116, 52/49, 17/21 ], [ -88049/268912, 12251/268912, -32737/57624, 167\
/343, 197/147 ] ], [ [ 507/9604, 0, 15/686, -11/28, 9/7 ], [ -731/2744, 1133/1\
9208, 387/1372, -11/28, 9/7 ], [ -79209/268912, 12251/268912, -9501/19208, 905\
/1372, 51/49 ], [ -1154235/3764768, 140417/3764768, -385775/806736, 487/2401, \
1529/1029 ], [ -2117127/7529536, 1652159/52706752, -1554993/3764768, -1013/336\
14, 3840/2401 ] ] ]
),
	[ [ (1,2)(3,4), [ 1, 0, 0, 0, 0 ] ], [ (1,3)(2,4), [ 0, 1, 0, 0, 0 ] ] ],
	[ (1,2)(3,4), (1,3)(2,4), [ (1,2)(3,4), (1,3)(2,4) ], [ (1,2)(3,4), [ (1,2)(3\
,4), (1,3)(2,4) ] ], [ (1,2)(3,4), [ (1,2)(3,4), [ (1,2)(3,4), (1,3)(2,4) ] ] \
] ]
),

AxialRep(
	VirasoroFusion(7,6),
	TrgpNC(
	Group( [ (1,2)(3,4), (1,3)(2,4) ] ),
	[ (1,2)(3,4), (1,3)(2,4) ],
	[ [ [ (1,2)(3,4), (1,3)(2,4) ], [ 2, "B" ] ] ]
),
	Alg(
	Rationals^3,
	[ [ [ 1, 0, 0 ] ], [ [ 0, 0, 1 ], [ 0, 1, 0 ] ], [ [ 15/98, 0, 5/14 ], [ 0, 1\
5/98, 5/14 ], [ 75/1372, 75/1372, 5/98 ] ] ]
),
	[ [ (1,2)(3,4), [ 1, 0, 0 ] ], [ (1,3)(2,4), [ 0, 1, 0 ] ] ],
	[ (1,2)(3,4), (1,3)(2,4), [ (1,2)(3,4), (1,3)(2,4) ] ]
),

AxialRep(
	VirasoroFusion(7,6),
	TrgpNC(
	Group( [ (1,2)(3,4), (1,3)(2,4) ] ),
	[ (1,2)(3,4), (1,3)(2,4) ],
	[ [ [ (1,2)(3,4), (1,3)(2,4) ], [ 2, "C" ] ] ]
),
	Alg(
	Rationals^3,
	[ [ [ -63/8, 0, 0 ] ], [ [ 77/48, -21/64, 315/256 ], [ -5/18, 3/8, -15/32 ] ]\
, [ [ 7/12, 21/16, -315/64 ], [ -1/9, -1/4, 15/16 ], [ 0, 0, 1 ] ] ]
),
	[ [ (1,2)(3,4), [ -8/63, 0, 0 ] ], [ (1,3)(2,4), [ 16/21, 4, 0 ] ] ],
	[ (1,2)(3,4), (1,3)(2,4), [ (1,2)(3,4), (1,3)(2,4) ] ]
)
];