return [
AxialRep(
	VirasoroFusion(7,6),
	TrgpNC(
	Group( [ (1,2,3,4), (1,2) ] ),
	[ (1,2) ],
	[ [ [ (1,2), (1,3) ], [ 3, "A" ] ], [ [ (3,4), (1,2) ], [ 2, "C" ] ] ]
),
	Alg(
	Rationals^6,
	[ [ [ 1, 0, 0, 0, 0, 0 ] ], [ [ 1216/1533, -64/73, 176/73, 0, 0, 0 ], [ 0, 1,\
 0, 0, 0, 0 ] ], [ [ 11261/12264, -329/292, 6289/2336, 0, 0, 0 ], [ 11261/1226\
4, -585/584, 6289/2336, 0, 0, 0 ], [ 0, 0, 1, 0, 0, 0 ] ], [ [ -80/2457, 0, 0,\
 4/39, 0, 0 ], [ 0, -585/584, 0, 6289/2336, 11261/12264, 0 ], [ 0, 0, 6289/233\
6, -585/584, 0, 11261/12264 ], [ 0, 0, 0, 1, 0, 0 ] ], [ [ 1216/1533, 0, 0, 0,\
 -64/73, 176/73 ], [ 0, -64/73, 0, 176/73, 1216/1533, 0 ], [ 0, 0, -80/2457, 0\
, 4/39, 0 ], [ 0, -329/292, 0, 6289/2336, 11261/12264, 0 ], [ 0, 0, 0, 0, 1, 0\
 ] ], [ [ 11261/12264, 0, 0, 0, -329/292, 6289/2336 ], [ 0, -80/2457, 0, 0, 0,\
 4/39 ], [ 0, 0, 6289/2336, -329/292, 0, 11261/12264 ], [ 0, 0, 176/73, -64/73\
, 0, 1216/1533 ], [ 11261/12264, 0, 0, 0, -585/584, 6289/2336 ], [ 0, 0, 0, 0,\
 0, 1 ] ] ]
),
	[ [ (3,4), [ 1, 0, 0, 0, 0, 0 ] ], [ (2,3), [ 0, 1, 0, 0, 0, 0 ] ], [ (2,4), \
[ 0, 0, 1, 0, 0, 0 ] ], [ (1,2), [ 0, 0, 0, 1, 0, 0 ] ], [ (1,3), [ 0, 0, 0, 0\
, 1, 0 ] ], [ (1,4), [ 0, 0, 0, 0, 0, 1 ] ] ],
	[ (3,4), (2,3), (2,4), (1,2), (1,3), (1,4) ]
)
];