return [
AxialRep(
	VirasoroFusion(4,3),
	TrgpNC(
	Group( 
[ (1,4)(2,8)(3,11)(5,14)(6,15)(7,17)(9,20)(10,21)(12,23)(13,24)(16,26)(18,27)(\
19,28)(22,30)(25,31)(29,32), (1,14)(2,20)(3,23)(4,5)(6,26)(7,27)(8,9)(10,30)(1\
1,12)(13,31)(15,16)(17,18)(19,32)(21,22)(24,25)(28,29), (1,15)(2,21)(3,24)(4,6\
)(5,26)(7,28)(8,10)(9,30)(11,13)(12,31)(14,16)(17,19)(18,32)(20,22)(23,25)(27,\
29), (1,26)(2,30)(3,31)(4,16)(5,15)(6,14)(7,32)(8,22)(9,21)(10,20)(11,25)(12,2\
4)(13,23)(17,29)(18,28)(19,27) ] ),
	[ (1,4)(2,8)(3,11)(5,14)(6,15)(7,17)(9,20)(10,21)(12,23)(13,24)(16,26)(18,27)\
(19,28)(22,30)(25,31)(29,32), (1,14)(2,20)(3,23)(4,5)(6,26)(7,27)(8,9)(10,30)(\
11,12)(13,31)(15,16)(17,18)(19,32)(21,22)(24,25)(28,29), (1,15)(2,21)(3,24)(4,\
6)(5,26)(7,28)(8,10)(9,30)(11,13)(12,31)(14,16)(17,19)(18,32)(20,22)(23,25)(27\
,29) ],
	[ [ [ (1,4)(2,8)(3,11)(5,14)(6,15)(7,17)(9,20)(10,21)(12,23)(13,24)(16,26)(18\
,27)(19,28)(22,30)(25,31)(29,32), (1,14)(2,20)(3,23)(4,5)(6,26)(7,27)(8,9)(10,\
30)(11,12)(13,31)(15,16)(17,18)(19,32)(21,22)(24,25)(28,29) ], [ 2, "B" ] ], [\
 [ (1,4)(2,8)(3,11)(5,14)(6,15)(7,17)(9,20)(10,21)(12,23)(13,24)(16,26)(18,27)\
(19,28)(22,30)(25,31)(29,32), (1,15)(2,21)(3,24)(4,6)(5,26)(7,28)(8,10)(9,30)(\
11,13)(12,31)(14,16)(17,19)(18,32)(20,22)(23,25)(27,29) ], [ 2, "B" ] ], [ [ (\
1,14)(2,20)(3,23)(4,5)(6,26)(7,27)(8,9)(10,30)(11,12)(13,31)(15,16)(17,18)(19,\
32)(21,22)(24,25)(28,29), (1,15)(2,21)(3,24)(4,6)(5,26)(7,28)(8,10)(9,30)(11,1\
3)(12,31)(14,16)(17,19)(18,32)(20,22)(23,25)(27,29) ], [ 2, "A" ] ] ]
),
	Alg(
	Rationals^4,
	[ [ [ 1, 0, 0, 0 ] ], [ [ 0, 0, 0, 0 ], [ 0, 1, 0, 0 ] ], [ [ 0, 0, 0, 0 ], [\
 0, 0, 0, 1 ], [ 0, 0, 1, 0 ] ], [ [ 0, 0, 0, 0 ], [ 0, 3/32, 0, 1/4 ], [ 0, 0\
, 3/32, 1/4 ], [ 0, 3/128, 3/128, -1/32 ] ] ]
),
	[ [ (1,4)(2,8)(3,11)(5,14)(6,15)(7,17)(9,20)(10,21)(12,23)(13,24)(16,26)(18,2\
7)(19,28)(22,30)(25,31)(29,32), [ 1, 0, 0, 0 ] ], [ (1,14)(2,20)(3,23)(4,5)(6,\
26)(7,27)(8,9)(10,30)(11,12)(13,31)(15,16)(17,18)(19,32)(21,22)(24,25)(28,29),\
 [ 0, 1, 0, 0 ] ], [ (1,15)(2,21)(3,24)(4,6)(5,26)(7,28)(8,10)(9,30)(11,13)(12\
,31)(14,16)(17,19)(18,32)(20,22)(23,25)(27,29), [ 0, 0, 1, 0 ] ] ],
	[ (1,4)(2,8)(3,11)(5,14)(6,15)(7,17)(9,20)(10,21)(12,23)(13,24)(16,26)(18,27)\
(19,28)(22,30)(25,31)(29,32), (1,14)(2,20)(3,23)(4,5)(6,26)(7,27)(8,9)(10,30)(\
11,12)(13,31)(15,16)(17,18)(19,32)(21,22)(24,25)(28,29), (1,15)(2,21)(3,24)(4,\
6)(5,26)(7,28)(8,10)(9,30)(11,13)(12,31)(14,16)(17,19)(18,32)(20,22)(23,25)(27\
,29), [ (1,14)(2,20)(3,23)(4,5)(6,26)(7,27)(8,9)(10,30)(11,12)(13,31)(15,16)(1\
7,18)(19,32)(21,22)(24,25)(28,29), (1,15)(2,21)(3,24)(4,6)(5,26)(7,28)(8,10)(9\
,30)(11,13)(12,31)(14,16)(17,19)(18,32)(20,22)(23,25)(27,29) ] ]
),

AxialRep(
	VirasoroFusion(4,3),
	TrgpNC(
	Group( 
[ (1,4)(2,8)(3,11)(5,14)(6,15)(7,17)(9,20)(10,21)(12,23)(13,24)(16,26)(18,27)(\
19,28)(22,30)(25,31)(29,32), (1,14)(2,20)(3,23)(4,5)(6,26)(7,27)(8,9)(10,30)(1\
1,12)(13,31)(15,16)(17,18)(19,32)(21,22)(24,25)(28,29), (1,15)(2,21)(3,24)(4,6\
)(5,26)(7,28)(8,10)(9,30)(11,13)(12,31)(14,16)(17,19)(18,32)(20,22)(23,25)(27,\
29), (1,26)(2,30)(3,31)(4,16)(5,15)(6,14)(7,32)(8,22)(9,21)(10,20)(11,25)(12,2\
4)(13,23)(17,29)(18,28)(19,27) ] ),
	[ (1,4)(2,8)(3,11)(5,14)(6,15)(7,17)(9,20)(10,21)(12,23)(13,24)(16,26)(18,27)\
(19,28)(22,30)(25,31)(29,32), (1,14)(2,20)(3,23)(4,5)(6,26)(7,27)(8,9)(10,30)(\
11,12)(13,31)(15,16)(17,18)(19,32)(21,22)(24,25)(28,29), (1,15)(2,21)(3,24)(4,\
6)(5,26)(7,28)(8,10)(9,30)(11,13)(12,31)(14,16)(17,19)(18,32)(20,22)(23,25)(27\
,29), (1,26)(2,30)(3,31)(4,16)(5,15)(6,14)(7,32)(8,22)(9,21)(10,20)(11,25)(12,\
24)(13,23)(17,29)(18,28)(19,27) ],
	[ [ [ (1,4)(2,8)(3,11)(5,14)(6,15)(7,17)(9,20)(10,21)(12,23)(13,24)(16,26)(18\
,27)(19,28)(22,30)(25,31)(29,32), (1,14)(2,20)(3,23)(4,5)(6,26)(7,27)(8,9)(10,\
30)(11,12)(13,31)(15,16)(17,18)(19,32)(21,22)(24,25)(28,29) ], [ 2, "B" ] ], [\
 [ (1,4)(2,8)(3,11)(5,14)(6,15)(7,17)(9,20)(10,21)(12,23)(13,24)(16,26)(18,27)\
(19,28)(22,30)(25,31)(29,32), (1,15)(2,21)(3,24)(4,6)(5,26)(7,28)(8,10)(9,30)(\
11,13)(12,31)(14,16)(17,19)(18,32)(20,22)(23,25)(27,29) ], [ 2, "B" ] ], [ [ (\
1,4)(2,8)(3,11)(5,14)(6,15)(7,17)(9,20)(10,21)(12,23)(13,24)(16,26)(18,27)(19,\
28)(22,30)(25,31)(29,32), (1,26)(2,30)(3,31)(4,16)(5,15)(6,14)(7,32)(8,22)(9,2\
1)(10,20)(11,25)(12,24)(13,23)(17,29)(18,28)(19,27) ], [ 2, "A" ] ], [ [ (1,14\
)(2,20)(3,23)(4,5)(6,26)(7,27)(8,9)(10,30)(11,12)(13,31)(15,16)(17,18)(19,32)(\
21,22)(24,25)(28,29), (1,15)(2,21)(3,24)(4,6)(5,26)(7,28)(8,10)(9,30)(11,13)(1\
2,31)(14,16)(17,19)(18,32)(20,22)(23,25)(27,29) ], [ 2, "A" ] ], [ [ (1,14)(2,\
20)(3,23)(4,5)(6,26)(7,27)(8,9)(10,30)(11,12)(13,31)(15,16)(17,18)(19,32)(21,2\
2)(24,25)(28,29), (1,26)(2,30)(3,31)(4,16)(5,15)(6,14)(7,32)(8,22)(9,21)(10,20\
)(11,25)(12,24)(13,23)(17,29)(18,28)(19,27) ], [ 2, "B" ] ], [ [ (1,15)(2,21)(\
3,24)(4,6)(5,26)(7,28)(8,10)(9,30)(11,13)(12,31)(14,16)(17,19)(18,32)(20,22)(2\
3,25)(27,29), (1,26)(2,30)(3,31)(4,16)(5,15)(6,14)(7,32)(8,22)(9,21)(10,20)(11\
,25)(12,24)(13,23)(17,29)(18,28)(19,27) ], [ 2, "B" ] ] ]
),
	Alg(
	Rationals^6,
	[ [ [ 1, 0, 0, 0, 0, 0 ] ], [ [ 0, 0, 0, 0, 0, 0 ], [ 0, 1, 0, 0, 0, 0 ] ], [\
 [ 0, 0, 0, 0, 0, 0 ], [ 0, 0, 0, 0, 1, 0 ], [ 0, 0, 1, 0, 0, 0 ] ], [ [ 0, 0,\
 0, 0, 0, 1 ], [ 0, 0, 0, 0, 0, 0 ], [ 0, 0, 0, 0, 0, 0 ], [ 0, 0, 0, 1, 0, 0 \
] ], [ [ 0, 0, 0, 0, 0, 0 ], [ 0, 3/32, 0, 0, 1/4, 0 ], [ 0, 0, 3/32, 0, 1/4, \
0 ], [ 0, 0, 0, 0, 0, 0 ], [ 0, 3/128, 3/128, 0, -1/32, 0 ] ], [ [ 3/32, 0, 0,\
 0, 0, 1/4 ], [ 0, 0, 0, 0, 0, 0 ], [ 0, 0, 0, 0, 0, 0 ], [ 0, 0, 0, 3/32, 0, \
1/4 ], [ 0, 0, 0, 0, 0, 0 ], [ 3/128, 0, 0, 3/128, 0, -1/32 ] ] ]
),
	[ [ (1,4)(2,8)(3,11)(5,14)(6,15)(7,17)(9,20)(10,21)(12,23)(13,24)(16,26)(18,2\
7)(19,28)(22,30)(25,31)(29,32), [ 1, 0, 0, 0, 0, 0 ] ], [ (1,14)(2,20)(3,23)(4\
,5)(6,26)(7,27)(8,9)(10,30)(11,12)(13,31)(15,16)(17,18)(19,32)(21,22)(24,25)(2\
8,29), [ 0, 1, 0, 0, 0, 0 ] ], [ (1,15)(2,21)(3,24)(4,6)(5,26)(7,28)(8,10)(9,3\
0)(11,13)(12,31)(14,16)(17,19)(18,32)(20,22)(23,25)(27,29), [ 0, 0, 1, 0, 0, 0\
 ] ], [ (1,26)(2,30)(3,31)(4,16)(5,15)(6,14)(7,32)(8,22)(9,21)(10,20)(11,25)(1\
2,24)(13,23)(17,29)(18,28)(19,27), [ 0, 0, 0, 1, 0, 0 ] ] ],
	[ (1,4)(2,8)(3,11)(5,14)(6,15)(7,17)(9,20)(10,21)(12,23)(13,24)(16,26)(18,27)\
(19,28)(22,30)(25,31)(29,32), (1,14)(2,20)(3,23)(4,5)(6,26)(7,27)(8,9)(10,30)(\
11,12)(13,31)(15,16)(17,18)(19,32)(21,22)(24,25)(28,29), (1,15)(2,21)(3,24)(4,\
6)(5,26)(7,28)(8,10)(9,30)(11,13)(12,31)(14,16)(17,19)(18,32)(20,22)(23,25)(27\
,29), (1,26)(2,30)(3,31)(4,16)(5,15)(6,14)(7,32)(8,22)(9,21)(10,20)(11,25)(12,\
24)(13,23)(17,29)(18,28)(19,27), [ (1,14)(2,20)(3,23)(4,5)(6,26)(7,27)(8,9)(10\
,30)(11,12)(13,31)(15,16)(17,18)(19,32)(21,22)(24,25)(28,29), (1,15)(2,21)(3,2\
4)(4,6)(5,26)(7,28)(8,10)(9,30)(11,13)(12,31)(14,16)(17,19)(18,32)(20,22)(23,2\
5)(27,29) ], [ (1,4)(2,8)(3,11)(5,14)(6,15)(7,17)(9,20)(10,21)(12,23)(13,24)(1\
6,26)(18,27)(19,28)(22,30)(25,31)(29,32), (1,26)(2,30)(3,31)(4,16)(5,15)(6,14)\
(7,32)(8,22)(9,21)(10,20)(11,25)(12,24)(13,23)(17,29)(18,28)(19,27) ] ]
),

AxialRep(
	VirasoroFusion(4,3),
	TrgpNC(
	Group( 
[ (1,3)(2,7)(4,24)(5,12)(6,13)(8,28)(9,18)(10,19)(11,15)(14,31)(16,25)(17,21)(\
20,32)(22,29)(23,26)(27,30), (1,9)(2,5)(3,18)(4,8)(6,22)(7,12)(10,16)(11,17)(1\
3,29)(14,20)(15,21)(19,25)(23,27)(24,28)(26,30)(31,32), (1,13)(2,19)(3,6)(4,11\
)(5,25)(7,10)(8,17)(9,29)(12,16)(14,23)(15,24)(18,22)(20,27)(21,28)(26,31)(30,\
32) ] ),
	[ (1,3)(2,7)(4,24)(5,12)(6,13)(8,28)(9,18)(10,19)(11,15)(14,31)(16,25)(17,21)\
(20,32)(22,29)(23,26)(27,30), (1,9)(2,5)(3,18)(4,8)(6,22)(7,12)(10,16)(11,17)(\
13,29)(14,20)(15,21)(19,25)(23,27)(24,28)(26,30)(31,32), (1,13)(2,19)(3,6)(4,1\
1)(5,25)(7,10)(8,17)(9,29)(12,16)(14,23)(15,24)(18,22)(20,27)(21,28)(26,31)(30\
,32) ],
	[ [ [ (1,3)(2,7)(4,24)(5,12)(6,13)(8,28)(9,18)(10,19)(11,15)(14,31)(16,25)(17\
,21)(20,32)(22,29)(23,26)(27,30), (1,9)(2,5)(3,18)(4,8)(6,22)(7,12)(10,16)(11,\
17)(13,29)(14,20)(15,21)(19,25)(23,27)(24,28)(26,30)(31,32) ], [ 2, "B" ] ], [\
 [ (1,3)(2,7)(4,24)(5,12)(6,13)(8,28)(9,18)(10,19)(11,15)(14,31)(16,25)(17,21)\
(20,32)(22,29)(23,26)(27,30), (1,13)(2,19)(3,6)(4,11)(5,25)(7,10)(8,17)(9,29)(\
12,16)(14,23)(15,24)(18,22)(20,27)(21,28)(26,31)(30,32) ], [ 2, "B" ] ], [ [ (\
1,9)(2,5)(3,18)(4,8)(6,22)(7,12)(10,16)(11,17)(13,29)(14,20)(15,21)(19,25)(23,\
27)(24,28)(26,30)(31,32), (1,13)(2,19)(3,6)(4,11)(5,25)(7,10)(8,17)(9,29)(12,1\
6)(14,23)(15,24)(18,22)(20,27)(21,28)(26,31)(30,32) ], [ 2, "B" ] ] ]
),
	Alg(
	Rationals^3,
	[ [ [ 1, 0, 0 ] ], [ [ 0, 0, 0 ], [ 0, 1, 0 ] ], [ [ 0, 0, 0 ], [ 0, 0, 0 ], \
[ 0, 0, 1 ] ] ]
),
	[ [ (1,3)(2,7)(4,24)(5,12)(6,13)(8,28)(9,18)(10,19)(11,15)(14,31)(16,25)(17,2\
1)(20,32)(22,29)(23,26)(27,30), [ 1, 0, 0 ] ], [ (1,9)(2,5)(3,18)(4,8)(6,22)(7\
,12)(10,16)(11,17)(13,29)(14,20)(15,21)(19,25)(23,27)(24,28)(26,30)(31,32), [ \
0, 1, 0 ] ], [ (1,13)(2,19)(3,6)(4,11)(5,25)(7,10)(8,17)(9,29)(12,16)(14,23)(1\
5,24)(18,22)(20,27)(21,28)(26,31)(30,32), [ 0, 0, 1 ] ] ],
	[ (1,3)(2,7)(4,24)(5,12)(6,13)(8,28)(9,18)(10,19)(11,15)(14,31)(16,25)(17,21)\
(20,32)(22,29)(23,26)(27,30), (1,9)(2,5)(3,18)(4,8)(6,22)(7,12)(10,16)(11,17)(\
13,29)(14,20)(15,21)(19,25)(23,27)(24,28)(26,30)(31,32), (1,13)(2,19)(3,6)(4,1\
1)(5,25)(7,10)(8,17)(9,29)(12,16)(14,23)(15,24)(18,22)(20,27)(21,28)(26,31)(30\
,32) ]
),

AxialRep(
	VirasoroFusion(4,3),
	TrgpNC(
	Group( 
[ (3,8)(6,11)(9,12), (2,7)(3,8)(5,10), (1,4)(5,10)(6,11), (1,4)(2,7)(9,12) ]
 ),
	[ (3,8)(6,11)(9,12), (2,7)(3,8)(5,10), (1,4)(5,10)(6,11), (1,4)(2,7)(9,12) ],
	[ [ [ (3,8)(6,11)(9,12), (2,7)(3,8)(5,10) ], [ 2, "B" ] ], [ [ (3,8)(6,11)(9,\
12), (1,4)(5,10)(6,11) ], [ 2, "B" ] ], [ [ (3,8)(6,11)(9,12), (1,4)(2,7)(9,12\
) ], [ 2, "B" ] ], [ [ (2,7)(3,8)(5,10), (1,4)(5,10)(6,11) ], [ 2, "B" ] ], [ \
[ (2,7)(3,8)(5,10), (1,4)(2,7)(9,12) ], [ 2, "B" ] ], [ [ (1,4)(5,10)(6,11), (\
1,4)(2,7)(9,12) ], [ 2, "B" ] ] ]
),
	Alg(
	GF(11)^4,
	[ [ [ Z(11)^0, 0*Z(11), 0*Z(11), 0*Z(11) ] ], [ [ 0*Z(11), 0*Z(11), 0*Z(11), \
0*Z(11) ], [ 0*Z(11), Z(11)^0, 0*Z(11), 0*Z(11) ] ], [ [ 0*Z(11), 0*Z(11), 0*Z\
(11), 0*Z(11) ], [ 0*Z(11), 0*Z(11), 0*Z(11), 0*Z(11) ], [ 0*Z(11), 0*Z(11), Z\
(11)^0, 0*Z(11) ] ], [ [ 0*Z(11), 0*Z(11), 0*Z(11), 0*Z(11) ], [ 0*Z(11), 0*Z(\
11), 0*Z(11), 0*Z(11) ], [ 0*Z(11), 0*Z(11), 0*Z(11), 0*Z(11) ], [ 0*Z(11), 0*\
Z(11), 0*Z(11), Z(11)^0 ] ] ]
),
	[ [ (3,8)(6,11)(9,12), [ Z(11)^0, 0*Z(11), 0*Z(11), 0*Z(11) ] ], [ (2,7)(3,8)\
(5,10), [ 0*Z(11), Z(11)^0, 0*Z(11), 0*Z(11) ] ], [ (1,4)(5,10)(6,11), [ 0*Z(1\
1), 0*Z(11), Z(11)^0, 0*Z(11) ] ], [ (1,4)(2,7)(9,12), [ 0*Z(11), 0*Z(11), 0*Z\
(11), Z(11)^0 ] ] ],
	[ (3,8)(6,11)(9,12), (2,7)(3,8)(5,10), (1,4)(5,10)(6,11), (1,4)(2,7)(9,12) ]
)
];