return [
AxialRep(
	VirasoroFusion(4,3),
	TrgpNC(
	Group( 
[ (1,2)(3,7)(4,20)(5,9)(6,10)(8,14)(11,27)(12,18)(13,19)(15,30)(16,22)(17,23)(\
21,26)(24,32)(25,29)(28,31), (1,3)(2,7)(4,24)(5,12)(6,13)(8,28)(9,18)(10,19)(1\
1,15)(14,31)(16,25)(17,21)(20,32)(22,29)(23,26)(27,30), (1,9)(2,5)(3,18)(4,8)(\
6,22)(7,12)(10,16)(11,17)(13,29)(14,20)(15,21)(19,25)(23,27)(24,28)(26,30)(31,\
32), (1,13)(2,19)(3,6)(4,11)(5,25)(7,10)(8,17)(9,29)(12,16)(14,23)(15,24)(18,2\
2)(20,27)(21,28)(26,31)(30,32) ] ),
	[ (1,2)(3,7)(4,20)(5,9)(6,10)(8,14)(11,27)(12,18)(13,19)(15,30)(16,22)(17,23)\
(21,26)(24,32)(25,29)(28,31), (1,3)(2,7)(4,24)(5,12)(6,13)(8,28)(9,18)(10,19)(\
11,15)(14,31)(16,25)(17,21)(20,32)(22,29)(23,26)(27,30), (1,9)(2,5)(3,18)(4,8)\
(6,22)(7,12)(10,16)(11,17)(13,29)(14,20)(15,21)(19,25)(23,27)(24,28)(26,30)(31\
,32), (1,13)(2,19)(3,6)(4,11)(5,25)(7,10)(8,17)(9,29)(12,16)(14,23)(15,24)(18,\
22)(20,27)(21,28)(26,31)(30,32) ],
	[ [ [ (1,2)(3,7)(4,20)(5,9)(6,10)(8,14)(11,27)(12,18)(13,19)(15,30)(16,22)(17\
,23)(21,26)(24,32)(25,29)(28,31), (1,3)(2,7)(4,24)(5,12)(6,13)(8,28)(9,18)(10,\
19)(11,15)(14,31)(16,25)(17,21)(20,32)(22,29)(23,26)(27,30) ], [ 2, "B" ] ], [\
 [ (1,2)(3,7)(4,20)(5,9)(6,10)(8,14)(11,27)(12,18)(13,19)(15,30)(16,22)(17,23)\
(21,26)(24,32)(25,29)(28,31), (1,9)(2,5)(3,18)(4,8)(6,22)(7,12)(10,16)(11,17)(\
13,29)(14,20)(15,21)(19,25)(23,27)(24,28)(26,30)(31,32) ], [ 2, "B" ] ], [ [ (\
1,2)(3,7)(4,20)(5,9)(6,10)(8,14)(11,27)(12,18)(13,19)(15,30)(16,22)(17,23)(21,\
26)(24,32)(25,29)(28,31), (1,13)(2,19)(3,6)(4,11)(5,25)(7,10)(8,17)(9,29)(12,1\
6)(14,23)(15,24)(18,22)(20,27)(21,28)(26,31)(30,32) ], [ 2, "B" ] ], [ [ (1,3)\
(2,7)(4,24)(5,12)(6,13)(8,28)(9,18)(10,19)(11,15)(14,31)(16,25)(17,21)(20,32)(\
22,29)(23,26)(27,30), (1,9)(2,5)(3,18)(4,8)(6,22)(7,12)(10,16)(11,17)(13,29)(1\
4,20)(15,21)(19,25)(23,27)(24,28)(26,30)(31,32) ], [ 2, "B" ] ], [ [ (1,3)(2,7\
)(4,24)(5,12)(6,13)(8,28)(9,18)(10,19)(11,15)(14,31)(16,25)(17,21)(20,32)(22,2\
9)(23,26)(27,30), (1,13)(2,19)(3,6)(4,11)(5,25)(7,10)(8,17)(9,29)(12,16)(14,23\
)(15,24)(18,22)(20,27)(21,28)(26,31)(30,32) ], [ 2, "B" ] ], [ [ (1,9)(2,5)(3,\
18)(4,8)(6,22)(7,12)(10,16)(11,17)(13,29)(14,20)(15,21)(19,25)(23,27)(24,28)(2\
6,30)(31,32), (1,13)(2,19)(3,6)(4,11)(5,25)(7,10)(8,17)(9,29)(12,16)(14,23)(15\
,24)(18,22)(20,27)(21,28)(26,31)(30,32) ], [ 2, "B" ] ] ]
),
	Alg(
	Rationals^4,
	[ [ [ 1, 0, 0, 0 ] ], [ [ 0, 0, 0, 0 ], [ 0, 1, 0, 0 ] ], [ [ 0, 0, 0, 0 ], [\
 0, 0, 0, 0 ], [ 0, 0, 1, 0 ] ], [ [ 0, 0, 0, 0 ], [ 0, 0, 0, 0 ], [ 0, 0, 0, \
0 ], [ 0, 0, 0, 1 ] ] ]
),
	[ [ (1,2)(3,7)(4,20)(5,9)(6,10)(8,14)(11,27)(12,18)(13,19)(15,30)(16,22)(17,2\
3)(21,26)(24,32)(25,29)(28,31), [ 1, 0, 0, 0 ] ], [ (1,3)(2,7)(4,24)(5,12)(6,1\
3)(8,28)(9,18)(10,19)(11,15)(14,31)(16,25)(17,21)(20,32)(22,29)(23,26)(27,30),\
 [ 0, 1, 0, 0 ] ], [ (1,9)(2,5)(3,18)(4,8)(6,22)(7,12)(10,16)(11,17)(13,29)(14\
,20)(15,21)(19,25)(23,27)(24,28)(26,30)(31,32), [ 0, 0, 1, 0 ] ], [ (1,13)(2,1\
9)(3,6)(4,11)(5,25)(7,10)(8,17)(9,29)(12,16)(14,23)(15,24)(18,22)(20,27)(21,28\
)(26,31)(30,32), [ 0, 0, 0, 1 ] ] ],
	[ (1,2)(3,7)(4,20)(5,9)(6,10)(8,14)(11,27)(12,18)(13,19)(15,30)(16,22)(17,23)\
(21,26)(24,32)(25,29)(28,31), (1,3)(2,7)(4,24)(5,12)(6,13)(8,28)(9,18)(10,19)(\
11,15)(14,31)(16,25)(17,21)(20,32)(22,29)(23,26)(27,30), (1,9)(2,5)(3,18)(4,8)\
(6,22)(7,12)(10,16)(11,17)(13,29)(14,20)(15,21)(19,25)(23,27)(24,28)(26,30)(31\
,32), (1,13)(2,19)(3,6)(4,11)(5,25)(7,10)(8,17)(9,29)(12,16)(14,23)(15,24)(18,\
22)(20,27)(21,28)(26,31)(30,32) ]
),

AxialRep(
	VirasoroFusion(4,3),
	TrgpNC(
	Group( [ (1,2), (3,4), (5,6), (7,8) ] ),
	[ (7,8), (5,6), (3,4), (1,2) ],
	[ [ [ (3,4), (1,2) ], [ 2, "B" ] ], [ [ (5,6), (1,2) ], [ 2, "B" ] ], [ [ (5,\
6), (3,4) ], [ 2, "B" ] ], [ [ (7,8), (1,2) ], [ 2, "B" ] ], [ [ (7,8), (3,4) \
], [ 2, "B" ] ], [ [ (7,8), (5,6) ], [ 2, "A" ] ] ]
),
	Alg(
	Rationals^5,
	[ [ [ 1, 0, 0, 0, 0 ] ], [ [ 0, 0, 0, 0, 1 ], [ 0, 1, 0, 0, 0 ] ], [ [ 0, 0, \
0, 0, 0 ], [ 0, 0, 0, 0, 0 ], [ 0, 0, 1, 0, 0 ] ], [ [ 0, 0, 0, 0, 0 ], [ 0, 0\
, 0, 0, 0 ], [ 0, 0, 0, 0, 0 ], [ 0, 0, 0, 1, 0 ] ], [ [ 3/32, 0, 0, 0, 1/4 ],\
 [ 0, 3/32, 0, 0, 1/4 ], [ 0, 0, 0, 0, 0 ], [ 0, 0, 0, 0, 0 ], [ 3/128, 3/128,\
 0, 0, -1/32 ] ] ]
),
	[ [ (7,8), [ 1, 0, 0, 0, 0 ] ], [ (5,6), [ 0, 1, 0, 0, 0 ] ], [ (3,4), [ 0, 0\
, 1, 0, 0 ] ], [ (1,2), [ 0, 0, 0, 1, 0 ] ] ],
	[ (7,8), (5,6), (3,4), (1,2), [ (7,8), (5,6) ] ]
),

AxialRep(
	VirasoroFusion(4,3),
	TrgpNC(
	Group( [ (1,2), (3,4), (5,6), (7,8) ] ),
	[ (7,8), (5,6), (3,4), (1,2) ],
	[ [ [ (3,4), (1,2) ], [ 2, "B" ] ], [ [ (5,6), (1,2) ], [ 2, "B" ] ], [ [ (5,\
6), (3,4) ], [ 2, "B" ] ], [ [ (7,8), (1,2) ], [ 2, "B" ] ], [ [ (7,8), (3,4) \
], [ 2, "A" ] ], [ [ (7,8), (5,6) ], [ 2, "A" ] ] ]
),
	Alg(
	Rationals^7,
	[ [ [ 1, 0, 0, 0, 0, 0, 0 ] ], [ [ 0, 0, 0, 0, 1, 0, 0 ], [ 0, 1, 0, 0, 0, 0,\
 0 ] ], [ [ 0, 0, 0, 0, 0, 1, 0 ], [ 0, 0, 0, 0, 0, 0, 0 ], [ 0, 0, 1, 0, 0, 0\
, 0 ] ], [ [ 0, 0, 0, 0, 0, 0, 0 ], [ 0, 0, 0, 0, 0, 0, 0 ], [ 0, 0, 0, 0, 0, \
0, 0 ], [ 0, 0, 0, 1, 0, 0, 0 ] ], [ [ 3/32, 0, 0, 0, 1/4, 0, 0 ], [ 0, 3/32, \
0, 0, 1/4, 0, 0 ], [ 0, 0, 0, 0, 0, 0, 1 ], [ 0, 0, 0, 0, 0, 0, 0 ], [ 3/128, \
3/128, 0, 0, -1/32, 0, 0 ] ], [ [ 3/32, 0, 0, 0, 0, 1/4, 0 ], [ 0, 0, 0, 0, 0,\
 0, 1 ], [ 0, 0, 3/32, 0, 0, 1/4, 0 ], [ 0, 0, 0, 0, 0, 0, 0 ], [ 1/128, 0, 0,\
 0, 1/64, 1/64, 1/4 ], [ 3/128, 0, 3/128, 0, 0, -1/32, 0 ] ], [ [ 1/128, 0, 0,\
 0, 1/64, 1/64, 0 ], [ 0, 0, 0, 0, 0, 0, 1/4 ], [ 0, 0, 0, 0, 0, 0, 1/4 ], [ 0\
, 0, 0, 0, 0, 0, 0 ], [ 1/512, 3/2048, 0, 0, -1/128, 1/256, 1/64 ], [ 1/512, 0\
, 3/2048, 0, 1/256, -1/128, 1/64 ], [ 1/2048, 3/8192, 3/8192, 0, -1/512, -1/51\
2, 1/128 ] ] ]
),
	[ [ (7,8), [ 1, 0, 0, 0, 0, 0, 0 ] ], [ (5,6), [ 0, 1, 0, 0, 0, 0, 0 ] ], [ (\
3,4), [ 0, 0, 1, 0, 0, 0, 0 ] ], [ (1,2), [ 0, 0, 0, 1, 0, 0, 0 ] ] ],
	[ (7,8), (5,6), (3,4), (1,2), [ (7,8), (5,6) ], [ (7,8), (3,4) ], [ (3,4), [ \
(7,8), (5,6) ] ] ]
),

AxialRep(
	VirasoroFusion(4,3),
	TrgpNC(
	Group( [ (1,2), (3,4), (5,6), (7,8) ] ),
	[ (7,8), (5,6), (3,4), (1,2) ],
	[ [ [ (3,4), (1,2) ], [ 2, "B" ] ], [ [ (5,6), (1,2) ], [ 2, "B" ] ], [ [ (5,\
6), (3,4) ], [ 2, "B" ] ], [ [ (7,8), (1,2) ], [ 2, "A" ] ], [ [ (7,8), (3,4) \
], [ 2, "A" ] ], [ [ (7,8), (5,6) ], [ 2, "A" ] ] ]
),
	Alg(
	Rationals^12,
	[ [ [ 1, 0, 0, 0, 0, 0, 0, 0, 0, 0, 0, 0 ] ], [ [ 0, 0, 0, 0, 1, 0, 0, 0, 0, \
0, 0, 0 ], [ 0, 1, 0, 0, 0, 0, 0, 0, 0, 0, 0, 0 ] ], [ [ 0, 0, 0, 0, 0, 1, 0, \
0, 0, 0, 0, 0 ], [ 0, 0, 0, 0, 0, 0, 0, 0, 0, 0, 0, 0 ], [ 0, 0, 1, 0, 0, 0, 0\
, 0, 0, 0, 0, 0 ] ], [ [ 0, 0, 0, 0, 0, 0, 0, 1, 0, 0, 0, 0 ], [ 0, 0, 0, 0, 0\
, 0, 0, 0, 0, 0, 0, 0 ], [ 0, 0, 0, 0, 0, 0, 0, 0, 0, 0, 0, 0 ], [ 0, 0, 0, 1,\
 0, 0, 0, 0, 0, 0, 0, 0 ] ], [ [ 3/32, 0, 0, 0, 1/4, 0, 0, 0, 0, 0, 0, 0 ], [ \
0, 3/32, 0, 0, 1/4, 0, 0, 0, 0, 0, 0, 0 ], [ 0, 0, 0, 0, 0, 0, 1, 0, 0, 0, 0, \
0 ], [ 0, 0, 0, 0, 0, 0, 0, 0, 1, 0, 0, 0 ], [ 3/128, 3/128, 0, 0, -1/32, 0, 0\
, 0, 0, 0, 0, 0 ] ], [ [ 3/32, 0, 0, 0, 0, 1/4, 0, 0, 0, 0, 0, 0 ], [ 0, 0, 0,\
 0, 0, 0, 1, 0, 0, 0, 0, 0 ], [ 0, 0, 3/32, 0, 0, 1/4, 0, 0, 0, 0, 0, 0 ], [ 0\
, 0, 0, 0, 0, 0, 0, 0, 0, 1, 0, 0 ], [ 1/128, 0, 0, 0, 1/64, 1/64, 1/4, 0, 0, \
0, 0, 0 ], [ 3/128, 0, 3/128, 0, 0, -1/32, 0, 0, 0, 0, 0, 0 ] ], [ [ 1/128, 0,\
 0, 0, 1/64, 1/64, 0, 0, 0, 0, 0, 0 ], [ 0, 0, 0, 0, 0, 0, 1/4, 0, 0, 0, 0, 0 \
], [ 0, 0, 0, 0, 0, 0, 1/4, 0, 0, 0, 0, 0 ], [ 0, 0, 0, 0, 0, 0, 0, 0, 0, 0, 1\
, 0 ], [ 1/512, 3/2048, 0, 0, -1/128, 1/256, 1/64, 0, 0, 0, 0, 0 ], [ 1/512, 0\
, 3/2048, 0, 1/256, -1/128, 1/64, 0, 0, 0, 0, 0 ], [ 1/2048, 3/8192, 3/8192, 0\
, -1/512, -1/512, 1/128, 0, 0, 0, 0, 0 ] ], [ [ 3/32, 0, 0, 0, 0, 0, 0, 1/4, 0\
, 0, 0, 0 ], [ 0, 0, 0, 0, 0, 0, 0, 0, 1, 0, 0, 0 ], [ 0, 0, 0, 0, 0, 0, 0, 0,\
 0, 1, 0, 0 ], [ 0, 0, 0, 3/32, 0, 0, 0, 1/4, 0, 0, 0, 0 ], [ 1/128, 0, 0, 0, \
1/64, 0, 0, 1/64, 1/4, 0, 0, 0 ], [ 1/128, 0, 0, 0, 0, 1/64, 0, 1/64, 0, 1/4, \
0, 0 ], [ 0, 0, 0, 0, 0, 0, 0, 0, 0, 0, 0, 1 ], [ 3/128, 0, 0, 3/128, 0, 0, 0,\
 -1/32, 0, 0, 0, 0 ] ], [ [ 1/128, 0, 0, 0, 1/64, 0, 0, 1/64, 0, 0, 0, 0 ], [ \
0, 0, 0, 0, 0, 0, 0, 0, 1/4, 0, 0, 0 ], [ 0, 0, 0, 0, 0, 0, 0, 0, 0, 0, 1, 0 ]\
, [ 0, 0, 0, 0, 0, 0, 0, 0, 1/4, 0, 0, 0 ], [ 1/512, 3/2048, 0, 0, -1/128, 0, \
0, 1/256, 1/64, 0, 0, 0 ], [ 0, 0, 0, 0, 0, 0, 1/64, 0, -1/64, 0, 0, 1 ], [ 0,\
 1/8192, 0, 0, -1/1024, 0, 0, 0, -1/256, 0, -1/32, 1/4 ], [ 1/512, 0, 0, 3/204\
8, 1/256, 0, 0, -1/128, 1/64, 0, 0, 0 ], [ 1/2048, 3/8192, 0, 3/8192, -1/512, \
0, 0, -1/512, 1/128, 0, 0, 0 ] ], [ [ 1/128, 0, 0, 0, 0, 1/64, 0, 1/64, 0, 0, \
0, 0 ], [ 0, 0, 0, 0, 0, 0, 0, 0, 0, 0, 1, 0 ], [ 0, 0, 0, 0, 0, 0, 0, 0, 0, 1\
/4, 0, 0 ], [ 0, 0, 0, 0, 0, 0, 0, 0, 0, 1/4, 0, 0 ], [ 0, 0, 0, 0, 0, 0, 1/64\
, 0, 0, -1/64, 0, 1 ], [ 1/512, 0, 3/2048, 0, 0, -1/128, 0, 1/256, 0, 1/64, 0,\
 0 ], [ 0, 0, 1/8192, 0, 0, -1/1024, 0, 0, 0, -1/256, -1/32, 1/4 ], [ 1/512, 0\
, 0, 3/2048, 0, 1/256, 0, -1/128, 0, 1/64, 0, 0 ], [ 0, 0, 0, 1/8192, 0, 0, 1/\
256, -1/1024, -1/256, -1/256, -1/32, 1/4 ], [ 1/2048, 0, 3/8192, 3/8192, 0, -1\
/512, 0, -1/512, 0, 1/128, 0, 0 ] ], [ [ 0, 0, 0, 0, 0, 0, 0, 0, -1/64, -1/64,\
 0, 1 ], [ 0, 0, 0, 0, 0, 0, 0, 0, 0, 0, 1/4, 0 ], [ 0, 0, 0, 0, 0, 0, 0, 0, 0\
, 0, 1/4, 0 ], [ 0, 0, 0, 0, 0, 0, 0, 0, 0, 0, 1/4, 0 ], [ 0, 1/8192, 0, 0, -1\
/1024, 0, 0, 0, -1/256, -1/256, 1/64, 1/4 ], [ 0, 0, 1/8192, 0, 0, -1/1024, 0,\
 0, -1/256, -1/256, 1/64, 1/4 ], [ 0, 1/32768, 1/32768, 0, -1/4096, -1/4096, 1\
/1024, 0, -1/1024, -1/1024, -1/256, 1/16 ], [ 0, 0, 0, 1/8192, 0, 0, 0, -1/102\
4, -1/256, -1/256, 1/64, 1/4 ], [ 0, 1/32768, 0, 1/32768, -1/4096, 0, 0, -1/40\
96, 0, -1/1024, -1/256, 1/16 ], [ 0, 0, 1/32768, 1/32768, 0, -1/4096, 0, -1/40\
96, -1/1024, 0, -1/256, 1/16 ], [ 0, 1/131072, 1/131072, 1/131072, -1/16384, -\
1/16384, 1/4096, -1/16384, 0, 0, -1/512, 1/64 ] ], [ [ 1/1024, 0, 0, 0, 1/4096\
, 1/4096, 0, 1/2048, -1/256, -1/256, 0, 1/4 ], [ 0, 1/8192, 0, 0, 1/1024, 0, 0\
, 0, 1/256, 0, 1/32, 0 ], [ 0, 0, 1/8192, 0, 0, 1/1024, 0, 0, 0, 1/256, 1/32, \
0 ], [ 0, 0, 0, 1/8192, 0, 0, 0, 1/1024, 1/256, 1/256, 1/64, 0 ], [ 1/8192, 7/\
131072, 0, 0, 0, 0, 1/4096, 1/16384, 0, -1/2048, 1/256, 1/32 ], [ 1/8192, 0, 7\
/131072, 0, 0, 0, 1/4096, 1/16384, -1/2048, 0, 1/256, 1/32 ], [ 1/131072, 1/26\
2144, 1/262144, 0, -1/65536, -1/65536, 0, 0, -1/8192, -1/8192, -1/2048, 3/256 \
], [ 5/32768, 0, 0, 5/65536, 1/16384, 1/16384, 0, -1/8192, 0, 0, 1/256, 1/64 ]\
, [ 1/65536, 1/131072, 0, 5/524288, -1/32768, 0, 1/16384, -3/65536, 0, -1/8192\
, 0, 1/128 ], [ 1/65536, 0, 1/131072, 5/524288, 0, -1/32768, 1/16384, -3/65536\
, -1/8192, 0, 0, 1/128 ], [ 0, 1/1048576, 1/1048576, 3/2097152, -1/131072, -1/\
131072, 1/65536, -3/262144, -1/32768, -1/32768, -1/8192, 1/256 ], [ 3/2097152,\
 9/33554432, 9/33554432, 1/2097152, -3/2097152, -3/2097152, 3/524288, -5/20971\
52, -1/131072, -1/131072, 1/65536, 7/8192 ] ] ]
),
	[ [ (7,8), [ 1, 0, 0, 0, 0, 0, 0, 0, 0, 0, 0, 0 ] ], [ (5,6), [ 0, 1, 0, 0, 0\
, 0, 0, 0, 0, 0, 0, 0 ] ], [ (3,4), [ 0, 0, 1, 0, 0, 0, 0, 0, 0, 0, 0, 0 ] ], \
[ (1,2), [ 0, 0, 0, 1, 0, 0, 0, 0, 0, 0, 0, 0 ] ] ],
	[ (7,8), (5,6), (3,4), (1,2), [ (7,8), (5,6) ], [ (7,8), (3,4) ], [ (3,4), [ \
(7,8), (5,6) ] ], [ (7,8), (1,2) ], [ (1,2), [ (7,8), (5,6) ] ], [ (1,2), [ (7\
,8), (3,4) ] ], [ (1,2), [ (3,4), [ (7,8), (5,6) ] ] ], [ [ (3,4), [ (7,8), (5\
,6) ] ], [ (7,8), (1,2) ] ] ]
)
];