return [
AxialRep(
	VirasoroFusion(4,3),
	TrgpNC(
	Group( [ (1,2,3,4,5), (3,4,5) ] ),
	[ (1,2)(3,4) ],
	[ [ [ (1,2)(3,4), (1,3)(2,4) ], [ 2, "B" ] ], [ [ (2,3)(4,5), (1,2)(4,5) ], [\
 3, "C" ] ], [ [ (2,3)(4,5), (1,2)(3,4) ], [ 5, "A" ] ], [ [ (2,3)(4,5), (1,2)\
(3,5) ], [ 5, "A" ] ] ]
),
	Alg(
	Rationals^21,
	[ [ [ 1, 0, 0, 0, 0, 0, 0, 0, 0, 0, 0, 0, 0, 0, 0, 0, 0, 0, 0, 0, 0 ] ], [ [ \
0, 0, 0, 0, 0, 0, 0, 0, 0, 0, 0, 0, 0, 0, 0, 0, 0, 0, 0, 0, 0 ], [ 0, 1, 0, 0,\
 0, 0, 0, 0, 0, 0, 0, 0, 0, 0, 0, 0, 0, 0, 0, 0, 0 ] ], [ [ 0, 0, 0, 0, 0, 0, \
0, 0, 0, 0, 0, 0, 0, 0, 0, 0, 0, 0, 0, 0, 0 ], [ 0, 0, 0, 0, 0, 0, 0, 0, 0, 0,\
 0, 0, 0, 0, 0, 0, 0, 0, 0, 0, 0 ], [ 0, 0, 1, 0, 0, 0, 0, 0, 0, 0, 0, 0, 0, 0\
, 0, 0, 0, 0, 0, 0, 0 ] ], [ [ 1/64, 0, 0, 1/64, 0, 0, -1/64, 0, 0, 0, 0, 0, 0\
, 0, 0, 0, 0, 0, 0, 0, 0 ], [ 0, 3/128, 0, 3/128, 0, 0, 0, 0, -1/128, 0, -1/12\
8, 0, -1/128, 0, 0, 0, 0, 0, -1, 0, 0 ], [ 0, 0, 3/128, 3/128, 0, 0, 0, -1/128\
, 0, -1/128, 0, 0, 0, -1/128, 0, 0, 1, 0, 0, 0, 0 ], [ 0, 0, 0, 1, 0, 0, 0, 0,\
 0, 0, 0, 0, 0, 0, 0, 0, 0, 0, 0, 0, 0 ] ], [ [ 3/128, 0, 0, 0, 3/128, 0, 0, 0\
, -1/128, -1/128, 0, 0, 0, 0, -1/128, 0, 0, 0, 0, 0, -1 ], [ 0, 3/128, 0, 0, 3\
/128, 0, -1/128, 0, 0, 0, 0, -1/128, 0, -1/128, 0, 1, 0, 0, 0, 0, 0 ], [ 0, 0,\
 1/64, 0, 1/64, 0, 0, 0, 0, 0, 0, 0, -1/64, 0, 0, 0, 0, 0, 0, 0, 0 ], [ 0, 0, \
0, 1/64, 1/64, -1/64, 0, 0, 0, 0, 0, 0, 0, 0, 0, 0, 0, 0, 0, 0, 0 ], [ 0, 0, 0\
, 0, 1, 0, 0, 0, 0, 0, 0, 0, 0, 0, 0, 0, 0, 0, 0, 0, 0 ] ], [ [ 3/128, 0, 0, 0\
, 0, 3/128, 0, -1/128, 0, 0, 0, -1/128, -1/128, 0, 0, 0, 0, 1, 0, 0, 0 ], [ 0,\
 1/64, 0, 0, 0, 1/64, 0, 0, 0, -1/64, 0, 0, 0, 0, 0, 0, 0, 0, 0, 0, 0 ], [ 0, \
0, 3/128, 0, 0, 3/128, -1/128, 0, 0, 0, -1/128, 0, 0, 0, -1/128, 0, 0, 0, 0, -\
1, 0 ], [ 0, 0, 0, 1/64, -1/64, 1/64, 0, 0, 0, 0, 0, 0, 0, 0, 0, 0, 0, 0, 0, 0\
, 0 ], [ 0, 0, 0, -1/64, 1/64, 1/64, 0, 0, 0, 0, 0, 0, 0, 0, 0, 0, 0, 0, 0, 0,\
 0 ], [ 0, 0, 0, 0, 0, 1, 0, 0, 0, 0, 0, 0, 0, 0, 0, 0, 0, 0, 0, 0, 0 ] ], [ [\
 1/64, 0, 0, -1/64, 0, 0, 1/64, 0, 0, 0, 0, 0, 0, 0, 0, 0, 0, 0, 0, 0, 0 ], [ \
0, 3/128, 0, 0, -1/128, 0, 3/128, 0, 0, 0, 0, -1/128, 0, -1/128, 0, -1, 0, 0, \
0, 0, 0 ], [ 0, 0, 3/128, 0, 0, -1/128, 3/128, 0, 0, 0, -1/128, 0, 0, 0, -1/12\
8, 0, 0, 0, 0, 1, 0 ], [ -1/64, 0, 0, 1/64, 0, 0, 1/64, 0, 0, 0, 0, 0, 0, 0, 0\
, 0, 0, 0, 0, 0, 0 ], [ 0, -1/128, 0, 0, 3/128, 0, 3/128, 0, 0, 0, 0, -1/128, \
0, -1/128, 0, 1, 0, 0, 0, 0, 0 ], [ 0, 0, -1/128, 0, 0, 3/128, 3/128, 0, 0, 0,\
 -1/128, 0, 0, 0, -1/128, 0, 0, 0, 0, -1, 0 ], [ 0, 0, 0, 0, 0, 0, 1, 0, 0, 0,\
 0, 0, 0, 0, 0, 0, 0, 0, 0, 0, 0 ] ], [ [ 3/128, 0, 0, 0, 0, -1/128, 0, 3/128,\
 0, 0, 0, -1/128, -1/128, 0, 0, 0, 0, 1, 0, 0, 0 ], [ 0, 1/64, 0, 0, 0, 0, 0, \
1/64, 0, 0, 0, 0, 0, 0, -1/64, 0, 0, 0, 0, 0, 0 ], [ 0, 0, 3/128, -1/128, 0, 0\
, 0, 3/128, 0, -1/128, 0, 0, 0, -1/128, 0, 0, -1, 0, 0, 0, 0 ], [ 0, 0, -1/128\
, 3/128, 0, 0, 0, 3/128, 0, -1/128, 0, 0, 0, -1/128, 0, 0, -1, 0, 0, 0, 0 ], [\
 0, 0, 0, 0, 0, 0, 0, 0, 0, 0, 0, 0, 0, 0, 0, 0, 0, 0, 0, 0, 0 ], [ -1/128, 0,\
 0, 0, 0, 3/128, 0, 3/128, 0, 0, 0, -1/128, -1/128, 0, 0, 0, 0, -1, 0, 0, 0 ],\
 [ 0, 0, 0, 0, 0, 0, 1/64, 1/64, -1/64, 0, 0, 0, 0, 0, 0, 0, 0, 0, 0, 0, 0 ], \
[ 0, 0, 0, 0, 0, 0, 0, 1, 0, 0, 0, 0, 0, 0, 0, 0, 0, 0, 0, 0, 0 ] ], [ [ 3/128\
, 0, 0, 0, -1/128, 0, 0, 0, 3/128, -1/128, 0, 0, 0, 0, -1/128, 0, 0, 0, 0, 0, \
-1 ], [ 0, 3/128, 0, -1/128, 0, 0, 0, 0, 3/128, 0, -1/128, 0, -1/128, 0, 0, 0,\
 0, 0, 1, 0, 0 ], [ 0, 0, 1/64, 0, 0, 0, 0, 0, 1/64, 0, 0, -1/64, 0, 0, 0, 0, \
0, 0, 0, 0, 0 ], [ 0, -1/128, 0, 3/128, 0, 0, 0, 0, 3/128, 0, -1/128, 0, -1/12\
8, 0, 0, 0, 0, 0, 1, 0, 0 ], [ -1/128, 0, 0, 0, 3/128, 0, 0, 0, 3/128, -1/128,\
 0, 0, 0, 0, -1/128, 0, 0, 0, 0, 0, 1 ], [ 0, 0, 0, 0, 0, 0, 0, 0, 0, 0, 0, 0,\
 0, 0, 0, 0, 0, 0, 0, 0, 0 ], [ 0, 0, 0, 0, 0, 0, 1/64, -1/64, 1/64, 0, 0, 0, \
0, 0, 0, 0, 0, 0, 0, 0, 0 ], [ 0, 0, 0, 0, 0, 0, -1/64, 1/64, 1/64, 0, 0, 0, 0\
, 0, 0, 0, 0, 0, 0, 0, 0 ], [ 0, 0, 0, 0, 0, 0, 0, 0, 1, 0, 0, 0, 0, 0, 0, 0, \
0, 0, 0, 0, 0 ] ], [ [ 3/128, 0, 0, 0, -1/128, 0, 0, 0, -1/128, 3/128, 0, 0, 0\
, 0, -1/128, 0, 0, 0, 0, 0, 1 ], [ 0, 1/64, 0, 0, 0, -1/64, 0, 0, 0, 1/64, 0, \
0, 0, 0, 0, 0, 0, 0, 0, 0, 0 ], [ 0, 0, 3/128, -1/128, 0, 0, 0, -1/128, 0, 3/1\
28, 0, 0, 0, -1/128, 0, 0, -1, 0, 0, 0, 0 ], [ 0, 0, -1/128, 3/128, 0, 0, 0, -\
1/128, 0, 3/128, 0, 0, 0, -1/128, 0, 0, 1, 0, 0, 0, 0 ], [ -1/128, 0, 0, 0, 3/\
128, 0, 0, 0, -1/128, 3/128, 0, 0, 0, 0, -1/128, 0, 0, 0, 0, 0, -1 ], [ 0, -1/\
64, 0, 0, 0, 1/64, 0, 0, 0, 1/64, 0, 0, 0, 0, 0, 0, 0, 0, 0, 0, 0 ], [ 0, 0, 0\
, 0, 0, 0, 0, 0, 0, 0, 0, 0, 0, 0, 0, 0, 0, 0, 0, 0, 0 ], [ 0, 0, -1/128, -1/1\
28, 0, 0, 0, 3/128, 0, 3/128, 0, 0, 0, -1/128, 0, 0, 1, 0, 0, 0, 0 ], [ -1/128\
, 0, 0, 0, -1/128, 0, 0, 0, 3/128, 3/128, 0, 0, 0, 0, -1/128, 0, 0, 0, 0, 0, 1\
 ], [ 0, 0, 0, 0, 0, 0, 0, 0, 0, 1, 0, 0, 0, 0, 0, 0, 0, 0, 0, 0, 0 ] ], [ [ 1\
/64, 0, 0, 0, 0, 0, 0, 0, 0, 0, 1/64, 0, 0, -1/64, 0, 0, 0, 0, 0, 0, 0 ], [ 0,\
 3/128, 0, -1/128, 0, 0, 0, 0, -1/128, 0, 3/128, 0, -1/128, 0, 0, 0, 0, 0, -1,\
 0, 0 ], [ 0, 0, 3/128, 0, 0, -1/128, -1/128, 0, 0, 0, 3/128, 0, 0, 0, -1/128,\
 0, 0, 0, 0, 1, 0 ], [ 0, -1/128, 0, 3/128, 0, 0, 0, 0, -1/128, 0, 3/128, 0, -\
1/128, 0, 0, 0, 0, 0, 1, 0, 0 ], [ 0, 0, 0, 0, 0, 0, 0, 0, 0, 0, 0, 0, 0, 0, 0\
, 0, 0, 0, 0, 0, 0 ], [ 0, 0, -1/128, 0, 0, 3/128, -1/128, 0, 0, 0, 3/128, 0, \
0, 0, -1/128, 0, 0, 0, 0, 1, 0 ], [ 0, 0, -1/128, 0, 0, -1/128, 3/128, 0, 0, 0\
, 3/128, 0, 0, 0, -1/128, 0, 0, 0, 0, -1, 0 ], [ 0, 0, 0, 0, 0, 0, 0, 0, 0, 0,\
 0, 0, 0, 0, 0, 0, 0, 0, 0, 0, 0 ], [ 0, -1/128, 0, -1/128, 0, 0, 0, 0, 3/128,\
 0, 3/128, 0, -1/128, 0, 0, 0, 0, 0, -1, 0, 0 ], [ 0, 0, 0, 0, 0, 0, 0, 0, 0, \
1/64, 1/64, -1/64, 0, 0, 0, 0, 0, 0, 0, 0, 0 ], [ 0, 0, 0, 0, 0, 0, 0, 0, 0, 0\
, 1, 0, 0, 0, 0, 0, 0, 0, 0, 0, 0 ] ], [ [ 3/128, 0, 0, 0, 0, -1/128, 0, -1/12\
8, 0, 0, 0, 3/128, -1/128, 0, 0, 0, 0, -1, 0, 0, 0 ], [ 0, 3/128, 0, 0, -1/128\
, 0, -1/128, 0, 0, 0, 0, 3/128, 0, -1/128, 0, 1, 0, 0, 0, 0, 0 ], [ 0, 0, 1/64\
, 0, 0, 0, 0, 0, -1/64, 0, 0, 1/64, 0, 0, 0, 0, 0, 0, 0, 0, 0 ], [ 0, 0, 0, 0,\
 0, 0, 0, 0, 0, 0, 0, 0, 0, 0, 0, 0, 0, 0, 0, 0, 0 ], [ 0, -1/128, 0, 0, 3/128\
, 0, -1/128, 0, 0, 0, 0, 3/128, 0, -1/128, 0, -1, 0, 0, 0, 0, 0 ], [ -1/128, 0\
, 0, 0, 0, 3/128, 0, -1/128, 0, 0, 0, 3/128, -1/128, 0, 0, 0, 0, -1, 0, 0, 0 ]\
, [ 0, -1/128, 0, 0, -1/128, 0, 3/128, 0, 0, 0, 0, 3/128, 0, -1/128, 0, -1, 0,\
 0, 0, 0, 0 ], [ -1/128, 0, 0, 0, 0, -1/128, 0, 3/128, 0, 0, 0, 3/128, -1/128,\
 0, 0, 0, 0, 1, 0, 0, 0 ], [ 0, 0, -1/64, 0, 0, 0, 0, 0, 1/64, 0, 0, 1/64, 0, \
0, 0, 0, 0, 0, 0, 0, 0 ], [ 0, 0, 0, 0, 0, 0, 0, 0, 0, 1/64, -1/64, 1/64, 0, 0\
, 0, 0, 0, 0, 0, 0, 0 ], [ 0, 0, 0, 0, 0, 0, 0, 0, 0, -1/64, 1/64, 1/64, 0, 0,\
 0, 0, 0, 0, 0, 0, 0 ], [ 0, 0, 0, 0, 0, 0, 0, 0, 0, 0, 0, 1, 0, 0, 0, 0, 0, 0\
, 0, 0, 0 ] ], [ [ 3/128, 0, 0, 0, 0, -1/128, 0, -1/128, 0, 0, 0, -1/128, 3/12\
8, 0, 0, 0, 0, -1, 0, 0, 0 ], [ 0, 3/128, 0, -1/128, 0, 0, 0, 0, -1/128, 0, -1\
/128, 0, 3/128, 0, 0, 0, 0, 0, 1, 0, 0 ], [ 0, 0, 1/64, 0, -1/64, 0, 0, 0, 0, \
0, 0, 0, 1/64, 0, 0, 0, 0, 0, 0, 0, 0 ], [ 0, -1/128, 0, 3/128, 0, 0, 0, 0, -1\
/128, 0, -1/128, 0, 3/128, 0, 0, 0, 0, 0, -1, 0, 0 ], [ 0, 0, -1/64, 0, 1/64, \
0, 0, 0, 0, 0, 0, 0, 1/64, 0, 0, 0, 0, 0, 0, 0, 0 ], [ -1/128, 0, 0, 0, 0, 3/1\
28, 0, -1/128, 0, 0, 0, -1/128, 3/128, 0, 0, 0, 0, 1, 0, 0, 0 ], [ 0, 0, 0, 0,\
 0, 0, 0, 0, 0, 0, 0, 0, 0, 0, 0, 0, 0, 0, 0, 0, 0 ], [ -1/128, 0, 0, 0, 0, -1\
/128, 0, 3/128, 0, 0, 0, -1/128, 3/128, 0, 0, 0, 0, -1, 0, 0, 0 ], [ 0, -1/128\
, 0, -1/128, 0, 0, 0, 0, 3/128, 0, -1/128, 0, 3/128, 0, 0, 0, 0, 0, -1, 0, 0 ]\
, [ 0, 0, 0, 0, 0, 0, 0, 0, 0, 0, 0, 0, 0, 0, 0, 0, 0, 0, 0, 0, 0 ], [ 0, -1/1\
28, 0, -1/128, 0, 0, 0, 0, -1/128, 0, 3/128, 0, 3/128, 0, 0, 0, 0, 0, 1, 0, 0 \
], [ -1/128, 0, 0, 0, 0, -1/128, 0, -1/128, 0, 0, 0, 3/128, 3/128, 0, 0, 0, 0,\
 1, 0, 0, 0 ], [ 0, 0, 0, 0, 0, 0, 0, 0, 0, 0, 0, 0, 1, 0, 0, 0, 0, 0, 0, 0, 0\
 ] ], [ [ 1/64, 0, 0, 0, 0, 0, 0, 0, 0, 0, -1/64, 0, 0, 1/64, 0, 0, 0, 0, 0, 0\
, 0 ], [ 0, 3/128, 0, 0, -1/128, 0, -1/128, 0, 0, 0, 0, -1/128, 0, 3/128, 0, -\
1, 0, 0, 0, 0, 0 ], [ 0, 0, 3/128, -1/128, 0, 0, 0, -1/128, 0, -1/128, 0, 0, 0\
, 3/128, 0, 0, 1, 0, 0, 0, 0 ], [ 0, 0, -1/128, 3/128, 0, 0, 0, -1/128, 0, -1/\
128, 0, 0, 0, 3/128, 0, 0, -1, 0, 0, 0, 0 ], [ 0, -1/128, 0, 0, 3/128, 0, -1/1\
28, 0, 0, 0, 0, -1/128, 0, 3/128, 0, -1, 0, 0, 0, 0, 0 ], [ 0, 0, 0, 0, 0, 0, \
0, 0, 0, 0, 0, 0, 0, 0, 0, 0, 0, 0, 0, 0, 0 ], [ 0, -1/128, 0, 0, -1/128, 0, 3\
/128, 0, 0, 0, 0, -1/128, 0, 3/128, 0, 1, 0, 0, 0, 0, 0 ], [ 0, 0, -1/128, -1/\
128, 0, 0, 0, 3/128, 0, -1/128, 0, 0, 0, 3/128, 0, 0, 1, 0, 0, 0, 0 ], [ 0, 0,\
 0, 0, 0, 0, 0, 0, 0, 0, 0, 0, 0, 0, 0, 0, 0, 0, 0, 0, 0 ], [ 0, 0, -1/128, -1\
/128, 0, 0, 0, -1/128, 0, 3/128, 0, 0, 0, 3/128, 0, 0, -1, 0, 0, 0, 0 ], [ -1/\
64, 0, 0, 0, 0, 0, 0, 0, 0, 0, 1/64, 0, 0, 1/64, 0, 0, 0, 0, 0, 0, 0 ], [ 0, -\
1/128, 0, 0, -1/128, 0, -1/128, 0, 0, 0, 0, 3/128, 0, 3/128, 0, 1, 0, 0, 0, 0,\
 0 ], [ 0, 0, 0, 0, 0, 0, 0, 0, 0, 0, 0, 0, 1/64, 1/64, -1/64, 0, 0, 0, 0, 0, \
0 ], [ 0, 0, 0, 0, 0, 0, 0, 0, 0, 0, 0, 0, 0, 1, 0, 0, 0, 0, 0, 0, 0 ] ], [ [ \
3/128, 0, 0, 0, -1/128, 0, 0, 0, -1/128, -1/128, 0, 0, 0, 0, 3/128, 0, 0, 0, 0\
, 0, 1 ], [ 0, 1/64, 0, 0, 0, 0, 0, -1/64, 0, 0, 0, 0, 0, 0, 1/64, 0, 0, 0, 0,\
 0, 0 ], [ 0, 0, 3/128, 0, 0, -1/128, -1/128, 0, 0, 0, -1/128, 0, 0, 0, 3/128,\
 0, 0, 0, 0, -1, 0 ], [ 0, 0, 0, 0, 0, 0, 0, 0, 0, 0, 0, 0, 0, 0, 0, 0, 0, 0, \
0, 0, 0 ], [ -1/128, 0, 0, 0, 3/128, 0, 0, 0, -1/128, -1/128, 0, 0, 0, 0, 3/12\
8, 0, 0, 0, 0, 0, 1 ], [ 0, 0, -1/128, 0, 0, 3/128, -1/128, 0, 0, 0, -1/128, 0\
, 0, 0, 3/128, 0, 0, 0, 0, 1, 0 ], [ 0, 0, -1/128, 0, 0, -1/128, 3/128, 0, 0, \
0, -1/128, 0, 0, 0, 3/128, 0, 0, 0, 0, 1, 0 ], [ 0, -1/64, 0, 0, 0, 0, 0, 1/64\
, 0, 0, 0, 0, 0, 0, 1/64, 0, 0, 0, 0, 0, 0 ], [ -1/128, 0, 0, 0, -1/128, 0, 0,\
 0, 3/128, -1/128, 0, 0, 0, 0, 3/128, 0, 0, 0, 0, 0, -1 ], [ -1/128, 0, 0, 0, \
-1/128, 0, 0, 0, -1/128, 3/128, 0, 0, 0, 0, 3/128, 0, 0, 0, 0, 0, -1 ], [ 0, 0\
, -1/128, 0, 0, -1/128, -1/128, 0, 0, 0, 3/128, 0, 0, 0, 3/128, 0, 0, 0, 0, -1\
, 0 ], [ 0, 0, 0, 0, 0, 0, 0, 0, 0, 0, 0, 0, 0, 0, 0, 0, 0, 0, 0, 0, 0 ], [ 0,\
 0, 0, 0, 0, 0, 0, 0, 0, 0, 0, 0, 1/64, -1/64, 1/64, 0, 0, 0, 0, 0, 0 ], [ 0, \
0, 0, 0, 0, 0, 0, 0, 0, 0, 0, 0, -1/64, 1/64, 1/64, 0, 0, 0, 0, 0, 0 ], [ 0, 0\
, 0, 0, 0, 0, 0, 0, 0, 0, 0, 0, 0, 0, 1, 0, 0, 0, 0, 0, 0 ] ], [ [ -1/8192, 0,\
 0, 0, -1/16384, 1/16384, 0, 1/16384, -1/16384, 1/16384, 0, -1/16384, -1/16384\
, 0, 1/16384, 1/64, 0, 1/128, -1/64, 0, 1/128 ], [ 0, 0, 0, 0, 7/4096, 0, -7/4\
096, 0, 0, 0, 0, 7/4096, 0, -7/4096, 0, 7/32, 0, 0, 0, 0, 0 ], [ 0, 0, 1/8192,\
 1/16384, 0, -1/16384, 1/16384, -1/16384, 0, -1/16384, 1/16384, 0, 0, 1/16384,\
 -1/16384, 1/64, 1/128, 0, -1/64, 1/128, 0 ], [ 0, -1/16384, 1/16384, -1/8192,\
 0, 0, 0, -1/16384, 1/16384, 1/16384, 1/16384, 0, -1/16384, -1/16384, 0, 1/64,\
 1/128, -1/64, 1/128, 0, 0 ], [ 0, 7/4096, 0, 0, 0, 0, 7/4096, 0, 0, 0, 0, -7/\
4096, 0, -7/4096, 0, 7/32, 0, 0, 0, 0, 0 ], [ 1/16384, 0, -1/16384, 0, 0, -1/8\
192, -1/16384, -1/16384, 0, 0, 1/16384, -1/16384, 1/16384, 0, 1/16384, 1/64, -\
1/64, 1/128, 0, 1/128, 0 ], [ 0, -7/4096, 0, 0, 7/4096, 0, 0, 0, 0, 0, 0, -7/4\
096, 0, 7/4096, 0, 7/32, 0, 0, 0, 0, 0 ], [ 1/16384, 0, -1/16384, -1/16384, 0,\
 -1/16384, 0, 1/8192, 0, 1/16384, 0, 1/16384, -1/16384, 1/16384, 0, 1/64, 1/12\
8, 1/128, 0, 0, -1/64 ], [ -1/16384, 1/16384, 0, 1/16384, 1/16384, 0, 0, 0, 1/\
8192, 1/16384, -1/16384, 0, -1/16384, 0, -1/16384, 1/64, -1/64, 0, 1/128, 0, 1\
/128 ], [ 1/16384, 0, -1/16384, 1/16384, -1/16384, 0, 0, 1/16384, 1/16384, -1/\
8192, 0, 0, 0, -1/16384, -1/16384, 1/64, 1/128, 0, 0, -1/64, 1/128 ], [ 0, -1/\
16384, 1/16384, 1/16384, 0, 1/16384, -1/16384, 0, -1/16384, 0, -1/8192, 0, 1/1\
6384, 0, -1/16384, 1/64, 0, 0, 1/128, 1/128, -1/64 ], [ 0, 7/4096, 0, 0, -7/40\
96, 0, -7/4096, 0, 0, 0, 0, 0, 0, 7/4096, 0, 7/32, 0, 0, 0, 0, 0 ], [ -1/16384\
, 1/16384, 0, -1/16384, 0, 1/16384, 0, -1/16384, -1/16384, 0, 1/16384, 1/16384\
, 1/8192, 0, 0, 1/64, 0, 1/128, 1/128, -1/64, 0 ], [ 0, -7/4096, 0, 0, -7/4096\
, 0, 7/4096, 0, 0, 0, 0, 7/4096, 0, 0, 0, 7/32, 0, 0, 0, 0, 0 ], [ 1/16384, 0,\
 -1/16384, 0, 1/16384, 1/16384, 1/16384, 0, -1/16384, -1/16384, -1/16384, 0, 0\
, 0, 1/8192, 1/64, 0, -1/64, 0, 1/128, 1/128 ], [ 0, 175/524288, 0, 0, 175/524\
288, 0, 175/524288, 0, 0, 0, 0, 175/524288, 0, 175/524288, 0, 0, 0, 0, 0, 0, 0\
 ] ], [ [ 1/8192, 0, 0, 0, -1/16384, 1/16384, 0, 1/16384, -1/16384, 1/16384, 0\
, -1/16384, -1/16384, 0, 1/16384, 0, 1/64, 1/128, 0, -1/64, 1/128 ], [ 0, -1/8\
192, 0, -1/16384, 1/16384, 0, -1/16384, 0, 1/16384, 0, -1/16384, 1/16384, 1/16\
384, -1/16384, 0, 1/128, 1/64, 0, 1/128, -1/64, 0 ], [ 0, 0, 0, 7/4096, 0, 0, \
0, -7/4096, 0, -7/4096, 0, 0, 0, 7/4096, 0, 0, 7/32, 0, 0, 0, 0 ], [ 0, 0, 7/4\
096, 0, 0, 0, 0, -7/4096, 0, 7/4096, 0, 0, 0, -7/4096, 0, 0, 7/32, 0, 0, 0, 0 \
], [ -1/16384, 1/16384, 0, 0, -1/8192, 0, 1/16384, 0, 1/16384, -1/16384, 0, -1\
/16384, 0, -1/16384, 1/16384, 1/128, 1/64, -1/64, 0, 0, 1/128 ], [ 1/16384, 0,\
 -1/16384, 0, 0, -1/8192, -1/16384, -1/16384, 0, 0, 1/16384, -1/16384, 1/16384\
, 0, 1/16384, -1/64, 1/64, 1/128, 0, 1/128, 0 ], [ 0, -1/16384, 1/16384, 0, 1/\
16384, -1/16384, 1/8192, 0, 0, 0, -1/16384, -1/16384, 0, 1/16384, 1/16384, 1/1\
28, 1/64, 0, 0, 1/128, -1/64 ], [ 0, 0, -7/4096, -7/4096, 0, 0, 0, 0, 0, 7/409\
6, 0, 0, 0, 7/4096, 0, 0, 7/32, 0, 0, 0, 0 ], [ -1/16384, 1/16384, 0, 1/16384,\
 1/16384, 0, 0, 0, 1/8192, 1/16384, -1/16384, 0, -1/16384, 0, -1/16384, -1/64,\
 1/64, 0, 1/128, 0, 1/128 ], [ 0, 0, -7/4096, 7/4096, 0, 0, 0, 7/4096, 0, 0, 0\
, 0, 0, -7/4096, 0, 0, 7/32, 0, 0, 0, 0 ], [ 0, -1/16384, 1/16384, 1/16384, 0,\
 1/16384, -1/16384, 0, -1/16384, 0, 1/8192, 0, 1/16384, 0, -1/16384, 0, 1/64, \
-1/64, 1/128, 1/128, 0 ], [ -1/16384, 1/16384, 0, 0, -1/16384, -1/16384, -1/16\
384, 1/16384, 0, 0, 0, 1/8192, 1/16384, 1/16384, 0, 1/128, 1/64, 1/128, -1/64,\
 0, 0 ], [ -1/16384, 1/16384, 0, -1/16384, 0, 1/16384, 0, -1/16384, -1/16384, \
0, 1/16384, 1/16384, -1/8192, 0, 0, 0, 1/64, 1/128, 1/128, 0, -1/64 ], [ 0, 0,\
 7/4096, -7/4096, 0, 0, 0, 7/4096, 0, -7/4096, 0, 0, 0, 0, 0, 0, 7/32, 0, 0, 0\
, 0 ], [ 1/16384, 0, -1/16384, 0, 1/16384, 1/16384, 1/16384, 0, -1/16384, -1/1\
6384, -1/16384, 0, 0, 0, -1/8192, 0, 1/64, 0, -1/64, 1/128, 1/128 ], [ 0, 27/2\
097152, 27/2097152, 27/2097152, 27/2097152, -27/1048576, 27/2097152, 27/209715\
2, -27/1048576, 27/2097152, 0, 27/2097152, 0, 3/262144, 0, 0, 0, 25/16384, -25\
/16384, 25/16384, -25/16384 ], [ 0, 0, 175/524288, 175/524288, 0, 0, 0, 175/52\
4288, 0, 175/524288, 0, 0, 0, 175/524288, 0, 0, 0, 0, 0, 0, 0 ] ], [ [ 0, 0, 0\
, 0, 0, 7/4096, 0, 7/4096, 0, 0, 0, -7/4096, -7/4096, 0, 0, 0, 0, 7/32, 0, 0, \
0 ], [ 0, 1/8192, 0, -1/16384, 1/16384, 0, -1/16384, 0, 1/16384, 0, -1/16384, \
1/16384, 1/16384, -1/16384, 0, 1/128, 0, 1/64, 1/128, 0, -1/64 ], [ 0, 0, -1/8\
192, 1/16384, 0, -1/16384, 1/16384, -1/16384, 0, -1/16384, 1/16384, 0, 0, 1/16\
384, -1/16384, 0, 1/128, 1/64, 0, 1/128, -1/64 ], [ 0, -1/16384, 1/16384, -1/8\
192, 0, 0, 0, -1/16384, 1/16384, 1/16384, 1/16384, 0, -1/16384, -1/16384, 0, -\
1/64, 1/128, 1/64, 1/128, 0, 0 ], [ -1/16384, 1/16384, 0, 0, -1/8192, 0, 1/163\
84, 0, 1/16384, -1/16384, 0, -1/16384, 0, -1/16384, 1/16384, 1/128, -1/64, 1/6\
4, 0, 0, 1/128 ], [ 7/4096, 0, 0, 0, 0, 0, 0, -7/4096, 0, 0, 0, -7/4096, 7/409\
6, 0, 0, 0, 0, 7/32, 0, 0, 0 ], [ 0, -1/16384, 1/16384, 0, 1/16384, -1/16384, \
-1/8192, 0, 0, 0, -1/16384, -1/16384, 0, 1/16384, 1/16384, 1/128, 0, 1/64, -1/\
64, 1/128, 0 ], [ 7/4096, 0, 0, 0, 0, -7/4096, 0, 0, 0, 0, 0, 7/4096, -7/4096,\
 0, 0, 0, 0, 7/32, 0, 0, 0 ], [ -1/16384, 1/16384, 0, 1/16384, 1/16384, 0, 0, \
0, -1/8192, 1/16384, -1/16384, 0, -1/16384, 0, -1/16384, 0, 0, 1/64, 1/128, -1\
/64, 1/128 ], [ 1/16384, 0, -1/16384, 1/16384, -1/16384, 0, 0, 1/16384, 1/1638\
4, 1/8192, 0, 0, 0, -1/16384, -1/16384, 0, 1/128, 1/64, -1/64, 0, 1/128 ], [ 0\
, -1/16384, 1/16384, 1/16384, 0, 1/16384, -1/16384, 0, -1/16384, 0, 1/8192, 0,\
 1/16384, 0, -1/16384, 0, -1/64, 1/64, 1/128, 1/128, 0 ], [ -7/4096, 0, 0, 0, \
0, -7/4096, 0, 7/4096, 0, 0, 0, 0, 7/4096, 0, 0, 0, 0, 7/32, 0, 0, 0 ], [ -7/4\
096, 0, 0, 0, 0, 7/4096, 0, -7/4096, 0, 0, 0, 7/4096, 0, 0, 0, 0, 0, 7/32, 0, \
0, 0 ], [ 0, -1/16384, 1/16384, -1/16384, -1/16384, 0, 1/16384, 1/16384, 0, -1\
/16384, 0, 1/16384, 0, 1/8192, 0, 1/128, 1/128, 1/64, 0, -1/64, 0 ], [ 1/16384\
, 0, -1/16384, 0, 1/16384, 1/16384, 1/16384, 0, -1/16384, -1/16384, -1/16384, \
0, 0, 0, 1/8192, -1/64, 0, 1/64, 0, 1/128, 1/128 ], [ 27/2097152, 27/2097152, \
0, -27/1048576, 27/2097152, 27/2097152, 27/2097152, 27/2097152, 0, 0, 0, 3/262\
144, 27/2097152, 27/2097152, -27/1048576, 0, 25/16384, 0, 25/16384, -25/16384,\
 -25/16384 ], [ 27/2097152, 0, 27/2097152, 27/2097152, -27/1048576, 27/2097152\
, 0, 3/262144, 0, 27/2097152, -27/1048576, 27/2097152, 27/2097152, 27/2097152,\
 0, 25/16384, 0, 0, -25/16384, -25/16384, 25/16384 ], [ 175/524288, 0, 0, 0, 0\
, 175/524288, 0, 175/524288, 0, 0, 0, 175/524288, 175/524288, 0, 0, 0, 0, 0, 0\
, 0, 0 ] ], [ [ -1/8192, 0, 0, 0, -1/16384, 1/16384, 0, 1/16384, -1/16384, 1/1\
6384, 0, -1/16384, -1/16384, 0, 1/16384, -1/64, 0, 1/128, 1/64, 0, 1/128 ], [ \
0, 0, 0, -7/4096, 0, 0, 0, 0, 7/4096, 0, -7/4096, 0, 7/4096, 0, 0, 0, 0, 0, 7/\
32, 0, 0 ], [ 0, 0, 1/8192, 1/16384, 0, -1/16384, 1/16384, -1/16384, 0, -1/163\
84, 1/16384, 0, 0, 1/16384, -1/16384, -1/64, 1/128, 0, 1/64, 1/128, 0 ], [ 0, \
-7/4096, 0, 0, 0, 0, 0, 0, 7/4096, 0, 7/4096, 0, -7/4096, 0, 0, 0, 0, 0, 7/32,\
 0, 0 ], [ -1/16384, 1/16384, 0, 0, 1/8192, 0, 1/16384, 0, 1/16384, -1/16384, \
0, -1/16384, 0, -1/16384, 1/16384, 1/128, 0, 0, 1/64, -1/64, 1/128 ], [ 1/1638\
4, 0, -1/16384, 0, 0, 1/8192, -1/16384, -1/16384, 0, 0, 1/16384, -1/16384, 1/1\
6384, 0, 1/16384, 0, 0, 1/128, 1/64, 1/128, -1/64 ], [ 0, -1/16384, 1/16384, 0\
, 1/16384, -1/16384, -1/8192, 0, 0, 0, -1/16384, -1/16384, 0, 1/16384, 1/16384\
, 1/128, 0, -1/64, 1/64, 1/128, 0 ], [ 1/16384, 0, -1/16384, -1/16384, 0, -1/1\
6384, 0, -1/8192, 0, 1/16384, 0, 1/16384, -1/16384, 1/16384, 0, 0, 1/128, 1/12\
8, 1/64, -1/64, 0 ], [ 0, 7/4096, 0, 7/4096, 0, 0, 0, 0, 0, 0, -7/4096, 0, -7/\
4096, 0, 0, 0, 0, 0, 7/32, 0, 0 ], [ 1/16384, 0, -1/16384, 1/16384, -1/16384, \
0, 0, 1/16384, 1/16384, 1/8192, 0, 0, 0, -1/16384, -1/16384, 0, 1/128, -1/64, \
1/64, 0, 1/128 ], [ 0, -7/4096, 0, 7/4096, 0, 0, 0, 0, -7/4096, 0, 0, 0, 7/409\
6, 0, 0, 0, 0, 0, 7/32, 0, 0 ], [ -1/16384, 1/16384, 0, 0, -1/16384, -1/16384,\
 -1/16384, 1/16384, 0, 0, 0, 1/8192, 1/16384, 1/16384, 0, 1/128, -1/64, 1/128,\
 1/64, 0, 0 ], [ 0, 7/4096, 0, -7/4096, 0, 0, 0, 0, -7/4096, 0, 7/4096, 0, 0, \
0, 0, 0, 0, 0, 7/32, 0, 0 ], [ 0, -1/16384, 1/16384, -1/16384, -1/16384, 0, 1/\
16384, 1/16384, 0, -1/16384, 0, 1/16384, 0, -1/8192, 0, 1/128, 1/128, 0, 1/64,\
 0, -1/64 ], [ 1/16384, 0, -1/16384, 0, 1/16384, 1/16384, 1/16384, 0, -1/16384\
, -1/16384, -1/16384, 0, 0, 0, -1/8192, 0, -1/64, 0, 1/64, 1/128, 1/128 ], [ -\
27/1048576, 3/262144, -27/1048576, 27/2097152, 27/2097152, 0, 27/2097152, 0, 2\
7/2097152, 0, 27/2097152, 27/2097152, 27/2097152, 27/2097152, 0, 0, -25/16384,\
 25/16384, 0, -25/16384, 25/16384 ], [ 0, 27/2097152, 27/2097152, 3/262144, 0,\
 0, 0, 27/2097152, 27/2097152, 27/2097152, 27/2097152, -27/1048576, 27/2097152\
, 27/2097152, -27/1048576, -25/16384, 0, -25/16384, 0, 25/16384, 25/16384 ], [\
 27/2097152, 27/2097152, 0, 27/2097152, 0, 27/2097152, -27/1048576, 27/2097152\
, 27/2097152, -27/1048576, 27/2097152, 27/2097152, 3/262144, 0, 0, 25/16384, -\
25/16384, 0, 0, 25/16384, -25/16384 ], [ 0, 175/524288, 0, 175/524288, 0, 0, 0\
, 0, 175/524288, 0, 175/524288, 0, 175/524288, 0, 0, 0, 0, 0, 0, 0, 0 ] ], [ [\
 1/8192, 0, 0, 0, -1/16384, 1/16384, 0, 1/16384, -1/16384, 1/16384, 0, -1/1638\
4, -1/16384, 0, 1/16384, 0, -1/64, 1/128, 0, 1/64, 1/128 ], [ 0, -1/8192, 0, -\
1/16384, 1/16384, 0, -1/16384, 0, 1/16384, 0, -1/16384, 1/16384, 1/16384, -1/1\
6384, 0, 1/128, -1/64, 0, 1/128, 1/64, 0 ], [ 0, 0, 0, 0, 0, -7/4096, 7/4096, \
0, 0, 0, 7/4096, 0, 0, 0, -7/4096, 0, 0, 0, 0, 7/32, 0 ], [ 0, -1/16384, 1/163\
84, 1/8192, 0, 0, 0, -1/16384, 1/16384, 1/16384, 1/16384, 0, -1/16384, -1/1638\
4, 0, 0, 1/128, 0, 1/128, 1/64, -1/64 ], [ -1/16384, 1/16384, 0, 0, 1/8192, 0,\
 1/16384, 0, 1/16384, -1/16384, 0, -1/16384, 0, -1/16384, 1/16384, 1/128, 0, 0\
, -1/64, 1/64, 1/128 ], [ 0, 0, -7/4096, 0, 0, 0, -7/4096, 0, 0, 0, 7/4096, 0,\
 0, 0, 7/4096, 0, 0, 0, 0, 7/32, 0 ], [ 0, 0, 7/4096, 0, 0, -7/4096, 0, 0, 0, \
0, -7/4096, 0, 0, 0, 7/4096, 0, 0, 0, 0, 7/32, 0 ], [ 1/16384, 0, -1/16384, -1\
/16384, 0, -1/16384, 0, -1/8192, 0, 1/16384, 0, 1/16384, -1/16384, 1/16384, 0,\
 0, 1/128, 1/128, -1/64, 1/64, 0 ], [ -1/16384, 1/16384, 0, 1/16384, 1/16384, \
0, 0, 0, -1/8192, 1/16384, -1/16384, 0, -1/16384, 0, -1/16384, 0, 0, -1/64, 1/\
128, 1/64, 1/128 ], [ 1/16384, 0, -1/16384, 1/16384, -1/16384, 0, 0, 1/16384, \
1/16384, -1/8192, 0, 0, 0, -1/16384, -1/16384, -1/64, 1/128, 0, 0, 1/64, 1/128\
 ], [ 0, 0, 7/4096, 0, 0, 7/4096, -7/4096, 0, 0, 0, 0, 0, 0, 0, -7/4096, 0, 0,\
 0, 0, 7/32, 0 ], [ -1/16384, 1/16384, 0, 0, -1/16384, -1/16384, -1/16384, 1/1\
6384, 0, 0, 0, -1/8192, 1/16384, 1/16384, 0, 1/128, 0, 1/128, 0, 1/64, -1/64 ]\
, [ -1/16384, 1/16384, 0, -1/16384, 0, 1/16384, 0, -1/16384, -1/16384, 0, 1/16\
384, 1/16384, 1/8192, 0, 0, -1/64, 0, 1/128, 1/128, 1/64, 0 ], [ 0, -1/16384, \
1/16384, -1/16384, -1/16384, 0, 1/16384, 1/16384, 0, -1/16384, 0, 1/16384, 0, \
1/8192, 0, 1/128, 1/128, -1/64, 0, 1/64, 0 ], [ 0, 0, -7/4096, 0, 0, 7/4096, 7\
/4096, 0, 0, 0, -7/4096, 0, 0, 0, 0, 0, 0, 0, 0, 7/32, 0 ], [ 0, 27/2097152, 2\
7/2097152, 0, 27/2097152, 27/2097152, 3/262144, 0, 0, -27/1048576, 27/2097152,\
 27/2097152, -27/1048576, 27/2097152, 27/2097152, 0, 25/16384, -25/16384, -25/\
16384, 0, 25/16384 ], [ -27/1048576, -27/1048576, 3/262144, 27/2097152, 0, 27/\
2097152, 27/2097152, 27/2097152, 0, 27/2097152, 27/2097152, 0, 0, 27/2097152, \
27/2097152, 25/16384, 0, -25/16384, 25/16384, 0, -25/16384 ], [ 27/2097152, 0,\
 27/2097152, 0, 0, 3/262144, 27/2097152, 27/2097152, -27/1048576, 0, 27/209715\
2, 27/2097152, 27/2097152, -27/1048576, 27/2097152, -25/16384, -25/16384, 0, 2\
5/16384, 0, 25/16384 ], [ 0, 27/2097152, 27/2097152, 27/2097152, -27/1048576, \
27/2097152, 27/2097152, -27/1048576, 27/2097152, 0, 3/262144, 0, 27/2097152, 0\
, 27/2097152, -25/16384, 25/16384, 25/16384, 0, 0, -25/16384 ], [ 0, 0, 175/52\
4288, 0, 0, 175/524288, 175/524288, 0, 0, 0, 175/524288, 0, 0, 0, 175/524288, \
0, 0, 0, 0, 0, 0 ] ], [ [ 0, 0, 0, 0, -7/4096, 0, 0, 0, -7/4096, 7/4096, 0, 0,\
 0, 0, 7/4096, 0, 0, 0, 0, 0, 7/32 ], [ 0, 1/8192, 0, -1/16384, 1/16384, 0, -1\
/16384, 0, 1/16384, 0, -1/16384, 1/16384, 1/16384, -1/16384, 0, 1/128, 0, -1/6\
4, 1/128, 0, 1/64 ], [ 0, 0, -1/8192, 1/16384, 0, -1/16384, 1/16384, -1/16384,\
 0, -1/16384, 1/16384, 0, 0, 1/16384, -1/16384, 0, 1/128, -1/64, 0, 1/128, 1/6\
4 ], [ 0, -1/16384, 1/16384, 1/8192, 0, 0, 0, -1/16384, 1/16384, 1/16384, 1/16\
384, 0, -1/16384, -1/16384, 0, 0, 1/128, 0, 1/128, -1/64, 1/64 ], [ -7/4096, 0\
, 0, 0, 0, 0, 0, 0, 7/4096, -7/4096, 0, 0, 0, 0, 7/4096, 0, 0, 0, 0, 0, 7/32 ]\
, [ 1/16384, 0, -1/16384, 0, 0, 1/8192, -1/16384, -1/16384, 0, 0, 1/16384, -1/\
16384, 1/16384, 0, 1/16384, 0, 0, 1/128, -1/64, 1/128, 1/64 ], [ 0, -1/16384, \
1/16384, 0, 1/16384, -1/16384, 1/8192, 0, 0, 0, -1/16384, -1/16384, 0, 1/16384\
, 1/16384, 1/128, -1/64, 0, 0, 1/128, 1/64 ], [ 1/16384, 0, -1/16384, -1/16384\
, 0, -1/16384, 0, 1/8192, 0, 1/16384, 0, 1/16384, -1/16384, 1/16384, 0, -1/64,\
 1/128, 1/128, 0, 0, 1/64 ], [ -7/4096, 0, 0, 0, 7/4096, 0, 0, 0, 0, 7/4096, 0\
, 0, 0, 0, -7/4096, 0, 0, 0, 0, 0, 7/32 ], [ 7/4096, 0, 0, 0, -7/4096, 0, 0, 0\
, 7/4096, 0, 0, 0, 0, 0, -7/4096, 0, 0, 0, 0, 0, 7/32 ], [ 0, -1/16384, 1/1638\
4, 1/16384, 0, 1/16384, -1/16384, 0, -1/16384, 0, -1/8192, 0, 1/16384, 0, -1/1\
6384, -1/64, 0, 0, 1/128, 1/128, 1/64 ], [ -1/16384, 1/16384, 0, 0, -1/16384, \
-1/16384, -1/16384, 1/16384, 0, 0, 0, -1/8192, 1/16384, 1/16384, 0, 1/128, 0, \
1/128, 0, -1/64, 1/64 ], [ -1/16384, 1/16384, 0, -1/16384, 0, 1/16384, 0, -1/1\
6384, -1/16384, 0, 1/16384, 1/16384, -1/8192, 0, 0, 0, -1/64, 1/128, 1/128, 0,\
 1/64 ], [ 0, -1/16384, 1/16384, -1/16384, -1/16384, 0, 1/16384, 1/16384, 0, -\
1/16384, 0, 1/16384, 0, -1/8192, 0, 1/128, 1/128, 0, -1/64, 0, 1/64 ], [ 7/409\
6, 0, 0, 0, 7/4096, 0, 0, 0, -7/4096, -7/4096, 0, 0, 0, 0, 0, 0, 0, 0, 0, 0, 7\
/32 ], [ 27/2097152, 27/2097152, 0, 0, 3/262144, 0, 27/2097152, -27/1048576, 2\
7/2097152, 27/2097152, -27/1048576, 27/2097152, 0, 27/2097152, 27/2097152, 0, \
-25/16384, -25/16384, 25/16384, 25/16384, 0 ], [ 27/2097152, 0, 27/2097152, 27\
/2097152, 27/2097152, 0, -27/1048576, 27/2097152, 27/2097152, 3/262144, 0, 0, \
-27/1048576, 27/2097152, 27/2097152, -25/16384, 0, 25/16384, 25/16384, -25/163\
84, 0 ], [ 3/262144, -27/1048576, -27/1048576, 0, 27/2097152, 27/2097152, 0, 2\
7/2097152, 27/2097152, 27/2097152, 0, 27/2097152, 27/2097152, 0, 27/2097152, -\
25/16384, 25/16384, 0, -25/16384, 25/16384, 0 ], [ 27/2097152, 27/2097152, 0, \
27/2097152, 27/2097152, -27/1048576, 0, 0, 3/262144, 27/2097152, 27/2097152, 0\
, 27/2097152, -27/1048576, 27/2097152, 25/16384, 25/16384, -25/16384, 0, -25/1\
6384, 0 ], [ 27/2097152, 0, 27/2097152, -27/1048576, 27/2097152, 27/2097152, 2\
7/2097152, 0, 27/2097152, 27/2097152, 27/2097152, -27/1048576, 0, 0, 3/262144,\
 25/16384, -25/16384, 25/16384, -25/16384, 0, 0 ], [ 175/524288, 0, 0, 0, 175/\
524288, 0, 0, 0, 175/524288, 175/524288, 0, 0, 0, 0, 175/524288, 0, 0, 0, 0, 0\
, 0 ] ] ]
),
	[ [ (2,3)(4,5), [ 1, 0, 0, 0, 0, 0, 0, 0, 0, 0, 0, 0, 0, 0, 0, 0, 0, 0, 0, 0,\
 0 ] ], [ (2,4)(3,5), [ 0, 1, 0, 0, 0, 0, 0, 0, 0, 0, 0, 0, 0, 0, 0, 0, 0, 0, \
0, 0, 0 ] ], [ (2,5)(3,4), [ 0, 0, 1, 0, 0, 0, 0, 0, 0, 0, 0, 0, 0, 0, 0, 0, 0\
, 0, 0, 0, 0 ] ], [ (1,2)(4,5), [ 0, 0, 0, 1, 0, 0, 0, 0, 0, 0, 0, 0, 0, 0, 0,\
 0, 0, 0, 0, 0, 0 ] ], [ (1,2)(3,4), [ 0, 0, 0, 0, 1, 0, 0, 0, 0, 0, 0, 0, 0, \
0, 0, 0, 0, 0, 0, 0, 0 ] ], [ (1,2)(3,5), [ 0, 0, 0, 0, 0, 1, 0, 0, 0, 0, 0, 0\
, 0, 0, 0, 0, 0, 0, 0, 0, 0 ] ], [ (1,2,3,4,5), [ 0, 0, 0, 0, 0, 0, 0, 0, 0, 0\
, 0, 0, 0, 0, 0, 0, 0, 0, 0, -1, 0 ] ], [ (1,2,3,5,4), [ 0, 0, 0, 0, 0, 0, 0, \
0, 0, 0, 0, 0, 0, 0, 0, 1, 0, 0, 0, 0, 0 ] ], [ (1,2,4,5,3), [ 0, 0, 0, 0, 0, \
0, 0, 0, 0, 0, 0, 0, 0, 0, 0, 0, 0, 0, 0, 0, -1 ] ], [ (1,2,4,3,5), [ 0, 0, 0,\
 0, 0, 0, 0, 0, 0, 0, 0, 0, 0, 0, 0, 0, 1, 0, 0, 0, 0 ] ], [ (1,2,5,4,3), [ 0,\
 0, 0, 0, 0, 0, 0, 0, 0, 0, 0, 0, 0, 0, 0, 0, 0, 1, 0, 0, 0 ] ], [ (1,2,5,3,4)\
, [ 0, 0, 0, 0, 0, 0, 0, 0, 0, 0, 0, 0, 0, 0, 0, 0, 0, 0, -1, 0, 0 ] ], [ (1,3\
,4,5,2), [ 0, 0, 0, 0, 0, 0, 0, 0, 0, 0, 0, 0, 0, 0, 0, 0, 0, 1, 0, 0, 0 ] ], \
[ (1,3,5,4,2), [ 0, 0, 0, 0, 0, 0, 0, 0, 0, 0, 0, 0, 0, 0, 0, 0, 0, 0, 0, 0, -\
1 ] ], [ (1,3)(4,5), [ 0, 0, 0, 0, 0, 0, 1, 0, 0, 0, 0, 0, 0, 0, 0, 0, 0, 0, 0\
, 0, 0 ] ], [ (1,3)(2,4), [ 0, 0, 0, 0, 0, 0, 0, 1, 0, 0, 0, 0, 0, 0, 0, 0, 0,\
 0, 0, 0, 0 ] ], [ (1,3,2,4,5), [ 0, 0, 0, 0, 0, 0, 0, 0, 0, 0, 0, 0, 0, 0, 0,\
 0, 0, 0, 1, 0, 0 ] ], [ (1,3,5,2,4), [ 0, 0, 0, 0, 0, 0, 0, 0, 0, 0, 0, 0, 0,\
 0, 0, 0, 0, 0, 0, 1, 0 ] ], [ (1,3)(2,5), [ 0, 0, 0, 0, 0, 0, 0, 0, 1, 0, 0, \
0, 0, 0, 0, 0, 0, 0, 0, 0, 0 ] ], [ (1,3,2,5,4), [ 0, 0, 0, 0, 0, 0, 0, 0, 0, \
0, 0, 0, 0, 0, 0, 0, -1, 0, 0, 0, 0 ] ], [ (1,3,4,2,5), [ 0, 0, 0, 0, 0, 0, 0,\
 0, 0, 0, 0, 0, 0, 0, 0, -1, 0, 0, 0, 0, 0 ] ], [ (1,4,5,3,2), [ 0, 0, 0, 0, 0\
, 0, 0, 0, 0, 0, 0, 0, 0, 0, 0, 1, 0, 0, 0, 0, 0 ] ], [ (1,4,3,5,2), [ 0, 0, 0\
, 0, 0, 0, 0, 0, 0, 0, 0, 0, 0, 0, 0, 0, 0, 0, -1, 0, 0 ] ], [ (1,4)(3,5), [ 0\
, 0, 0, 0, 0, 0, 0, 0, 0, 1, 0, 0, 0, 0, 0, 0, 0, 0, 0, 0, 0 ] ], [ (1,4,5,2,3\
), [ 0, 0, 0, 0, 0, 0, 0, 0, 0, 0, 0, 0, 0, 0, 0, 0, -1, 0, 0, 0, 0 ] ], [ (1,\
4)(2,3), [ 0, 0, 0, 0, 0, 0, 0, 0, 0, 0, 1, 0, 0, 0, 0, 0, 0, 0, 0, 0, 0 ] ], \
[ (1,4,2,3,5), [ 0, 0, 0, 0, 0, 0, 0, 0, 0, 0, 0, 0, 0, 0, 0, 0, 0, -1, 0, 0, \
0 ] ], [ (1,4,2,5,3), [ 0, 0, 0, 0, 0, 0, 0, 0, 0, 0, 0, 0, 0, 0, 0, 0, 0, 0, \
0, 1, 0 ] ], [ (1,4,3,2,5), [ 0, 0, 0, 0, 0, 0, 0, 0, 0, 0, 0, 0, 0, 0, 0, 0, \
0, 0, 0, 0, 1 ] ], [ (1,4)(2,5), [ 0, 0, 0, 0, 0, 0, 0, 0, 0, 0, 0, 1, 0, 0, 0\
, 0, 0, 0, 0, 0, 0 ] ], [ (1,5,4,3,2), [ 0, 0, 0, 0, 0, 0, 0, 0, 0, 0, 0, 0, 0\
, 0, 0, 0, 0, 0, 0, -1, 0 ] ], [ (1,5,3,4,2), [ 0, 0, 0, 0, 0, 0, 0, 0, 0, 0, \
0, 0, 0, 0, 0, 0, 1, 0, 0, 0, 0 ] ], [ (1,5)(3,4), [ 0, 0, 0, 0, 0, 0, 0, 0, 0\
, 0, 0, 0, 1, 0, 0, 0, 0, 0, 0, 0, 0 ] ], [ (1,5,4,2,3), [ 0, 0, 0, 0, 0, 0, 0\
, 0, 0, 0, 0, 0, 0, 0, 0, 0, 0, 0, 1, 0, 0 ] ], [ (1,5)(2,3), [ 0, 0, 0, 0, 0,\
 0, 0, 0, 0, 0, 0, 0, 0, 1, 0, 0, 0, 0, 0, 0, 0 ] ], [ (1,5,2,3,4), [ 0, 0, 0,\
 0, 0, 0, 0, 0, 0, 0, 0, 0, 0, 0, 0, 0, 0, 0, 0, 0, 1 ] ], [ (1,5,2,4,3), [ 0,\
 0, 0, 0, 0, 0, 0, 0, 0, 0, 0, 0, 0, 0, 0, -1, 0, 0, 0, 0, 0 ] ], [ (1,5,3,2,4\
), [ 0, 0, 0, 0, 0, 0, 0, 0, 0, 0, 0, 0, 0, 0, 0, 0, 0, -1, 0, 0, 0 ] ], [ (1,\
5)(2,4), [ 0, 0, 0, 0, 0, 0, 0, 0, 0, 0, 0, 0, 0, 0, 1, 0, 0, 0, 0, 0, 0 ] ] ]\
,
	[ (2,3)(4,5), (2,4)(3,5), (2,5)(3,4), (1,2)(4,5), (1,2)(3,4), (1,2)(3,5), (1,\
3)(4,5), (1,3)(2,4), (1,3)(2,5), (1,4)(3,5), (1,4)(2,3), (1,4)(2,5), (1,5)(3,4\
), (1,5)(2,3), (1,5)(2,4), (1,2,3,5,4), (1,2,4,3,5), (1,2,5,4,3), (1,3,2,4,5),\
 (1,3,5,2,4), (1,4,3,2,5) ]
)
];