return [
AxialRep(
	VirasoroFusion(4,3),
	TrgpNC(
	Group( [ (2,6)(3,5), (1,2,3,4,5,6), (1,3,5)(2,4,6) ] ),
	[ (2,6)(3,5), (1,2)(3,6)(4,5) ],
	[ [ [ (2,6)(3,5), (1,4)(2,3)(5,6) ], [ 2, "A" ] ], [ [ (2,6)(3,5), (1,3)(4,6) ], [ 3, "A" ] ], [ [ (1,2)(3,6)(4,5), (1,4)(2,3)(5,6) ], [ \
3, "A" ] ], [ [ (2,6)(3,5), (1,2)(3,6)(4,5) ], [ 6, "A" ] ] ]
),
	Alg(
	Rationals^8,
	[ [ [ 1, 0, 0, 0, 0, 0, 0, 0 ] ], [ [ 1/32, 1/64, -1/64, -1/64, -1/64, 0, 45/2048, -1/8 ], [ 0, 1, 0, 0, 0, 0, 0, 0 ] ], [ [ 1/16, 0, 1/1\
6, 1/32, 0, 0, -135/2048, 0 ], [ -1/8, 1/8, 1/8, 0, 0, -1/8, 0, 1 ], [ 0, 0, 1, 0, 0, 0, 0, 0 ] ], [ [ 1/16, 0, 1/32, 1/16, 0, 0, -135/204\
8, 0 ], [ 0, 1/64, -1/64, 1/64, -1/64, 0, 45/2048, -1/8 ], [ 1/32, 0, 1/16, 1/16, 0, 0, -135/2048, 0 ], [ 0, 0, 0, 1, 0, 0, 0, 0 ] ], [ [ \
1/32, -1/64, -1/64, -1/64, 1/64, 0, 45/2048, -1/8 ], [ 0, 1/16, 0, 0, 1/16, 1/32, -135/2048, 0 ], [ 0, -1/64, 1/64, -1/64, 1/64, 0, 45/204\
8, -1/8 ], [ -1/8, 0, 0, 1/8, 1/8, -1/8, 0, 1 ], [ 0, 0, 0, 0, 1, 0, 0, 0 ] ], [ [ 0, 0, 0, 0, 0, 0, 0, 1 ], [ 0, 1/16, 0, 0, 1/32, 1/16, \
-135/2048, 0 ], [ 0, -1/64, 1/64, -1/64, -1/64, 1/32, 45/2048, -1/8 ], [ 0, -1/64, -1/64, 1/64, -1/64, 1/32, 45/2048, -1/8 ], [ 0, 1/32, 0\
, 0, 1/16, 1/16, -135/2048, 0 ], [ 0, 0, 0, 0, 0, 1, 0, 0 ] ], [ [ 2/9, 0, -1/9, -1/9, 0, 0, 5/32, 0 ], [ 0, 2/9, 0, 0, -1/9, -1/9, 5/32, \
0 ], [ -1/9, 0, 2/9, -1/9, 0, 0, 5/32, 0 ], [ -1/9, 0, -1/9, 2/9, 0, 0, 5/32, 0 ], [ 0, -1/9, 0, 0, 2/9, -1/9, 5/32, 0 ], [ 0, -1/9, 0, 0,\
 -1/9, 2/9, 5/32, 0 ], [ 0, 0, 0, 0, 0, 0, 1, 0 ] ], [ [ 3/32, 0, 0, 0, 0, 0, 0, 1/4 ], [ -3/256, -3/512, 7/512, -1/512, 1/512, -1/128, -4\
5/8192, 7/64 ], [ -1/128, 7/512, -3/512, 1/512, -1/512, -3/256, -45/8192, 7/64 ], [ -1/128, -1/512, 1/512, -3/512, 7/512, -3/256, -45/8192\
, 7/64 ], [ -3/256, 1/512, -1/512, 7/512, -3/512, -1/128, -45/8192, 7/64 ], [ 0, 0, 0, 0, 0, 3/32, 0, 1/4 ], [ 1/36, -1/72, -1/72, -1/72, \
-1/72, 1/36, 5/128, 0 ], [ 3/128, 0, 0, 0, 0, 3/128, 0, -1/32 ] ] ]
),
	[ [ (2,6)(3,5), [ 1, 0, 0, 0, 0, 0, 0, 0 ] ], [ (1,2)(3,6)(4,5), [ 0, 1, 0, 0, 0, 0, 0, 0 ] ], [ (1,3)(4,6), [ 0, 0, 0, 1, 0, 0, 0, 0 ] ]\
, [ (1,3,5)(2,4,6), [ 0, 0, 0, 0, 0, 0, 1, 0 ] ], [ (1,4)(2,3)(5,6), [ 0, 0, 0, 0, 0, 1, 0, 0 ] ], [ (1,5)(2,4), [ 0, 0, 1, 0, 0, 0, 0, 0 \
] ], [ (1,5,3)(2,6,4), [ 0, 0, 0, 0, 0, 0, 1, 0 ] ], [ (1,6)(2,5)(3,4), [ 0, 0, 0, 0, 1, 0, 0, 0 ] ] ],
	[ (2,6)(3,5), (1,2)(3,6)(4,5), (1,5)(2,4), (1,3)(4,6), (1,6)(2,5)(3,4), (1,4)(2,3)(5,6), (1,3,5)(2,4,6), [ (2,6)(3,5), (1,4)(2,3)(5,6) ] \
]
),

AxialRep(
	VirasoroFusion(4,3),
	TrgpNC(
	Group( [ (1,2)(6,8)(7,11)(10,12), (1,2)(6,11)(7,8)(9,13), (1,2)(5,10)(6,13)(9,11), (1,2)(5,12)(7,9)(8,13) ] ),
	[ (1,2)(6,8)(7,11)(10,12), (1,2)(6,11)(7,8)(9,13) ],
	[ [ [ (1,2)(6,8)(7,11)(10,12), (1,2)(6,11)(7,8)(9,13) ], [ 2, "A" ] ], [ [ (1,2)(6,8)(7,11)(10,12), (1,2)(5,10)(6,13)(9,11) ], [ 3, "A" ]\
 ] ]
),
	Alg(
	Rationals^8,
	[ [ [ 1, 0, 0, 0, 0, 0, 0, 0 ] ], [ [ 0, 0, 0, 0, 0, 1, 0, 0 ], [ 0, 1, 0, 0, 0, 0, 0, 0 ] ], [ [ 1/32, 0, 0, -1/32, 1, 0, 0, 0 ], [ 0, 0\
, 0, 0, 0, 0, 1, 0 ], [ 0, 0, 1, 0, 0, 0, 0, 0 ] ], [ [ 1/32, 0, -1/32, 0, 1, 0, 0, 0 ], [ 0, 0, 0, 0, 0, 0, 0, 1 ], [ 0, 0, 0, 0, 1, 0, 0\
, 0 ], [ 0, 0, 0, 1, 0, 0, 0, 0 ] ], [ [ 1/64, 0, -9/2048, -9/2048, 9/32, 0, 0, 0 ], [ 0, 0, 0, 0, 0, 1/32, 1/16, 1/16 ], [ 7/2048, 0, 39/\
1024, -7/2048, 1/4, 0, 0, 0 ], [ 7/2048, 0, -7/2048, 39/1024, 1/4, 0, 0, 0 ], [ 175/65536, 0, 9/2048, 9/2048, -3/2048, 0, 0, 0 ] ], [ [ 3/\
32, 0, 0, 0, 0, 1/4, 0, 0 ], [ 0, 3/32, 0, 0, 0, 1/4, 0, 0 ], [ 1/384, 0, -1/384, -1/384, 1/6, 1/64, 7/64, -1/64 ], [ 1/384, 0, -1/384, -1\
/384, 1/6, 1/64, -1/64, 7/64 ], [ 5/1536, 0, -1/3072, -1/3072, 1/48, -5/1024, 27/2048, 27/2048 ], [ 3/128, 3/128, 0, 0, 0, -1/32, 0, 0 ] ]\
, [ [ 1/384, 0, -1/384, -1/384, 1/6, 7/64, 1/64, -1/64 ], [ 0, 3/32, 0, 0, 0, 0, 1/4, 0 ], [ 0, 0, 3/32, 0, 0, 0, 1/4, 0 ], [ 1/384, 0, -1\
/384, -1/384, 1/6, -1/64, 1/64, 7/64 ], [ 1/4096, 0, 23/4096, -1/4096, 1/64, 5/512, 5/2048, 7/512 ], [ 1/1536, 21/2048, -1/1536, -1/1536, \
1/24, 3/128, 3/128, -1/128 ], [ 0, 3/128, 3/128, 0, 0, 0, -1/32, 0 ] ], [ [ 1/384, 0, -1/384, -1/384, 1/6, 7/64, -1/64, 1/64 ], [ 0, 3/32,\
 0, 0, 0, 0, 0, 1/4 ], [ 1/384, 0, -1/384, -1/384, 1/6, -1/64, 7/64, 1/64 ], [ 0, 0, 0, 3/32, 0, 0, 0, 1/4 ], [ 1/4096, 0, -1/4096, 23/409\
6, 1/64, 5/512, 7/512, 5/2048 ], [ 1/1536, 21/2048, -1/1536, -1/1536, 1/24, 3/128, -1/128, 3/128 ], [ 1/1536, 21/2048, -1/1536, -1/1536, 1\
/24, -1/128, 3/128, 3/128 ], [ 0, 3/128, 0, 3/128, 0, 0, 0, -1/32 ] ] ]
),
	[ [ (1,2)(6,8)(7,11)(10,12), [ 1, 0, 0, 0, 0, 0, 0, 0 ] ], [ (1,2)(6,11)(7,8)(9,13), [ 0, 1, 0, 0, 0, 0, 0, 0 ] ], [ (1,2)(5,10)(6,13)(9,\
11), [ 0, 0, 1, 0, 0, 0, 0, 0 ] ], [ (1,2)(5,12)(7,9)(8,13), [ 0, 0, 0, 1, 0, 0, 0, 0 ] ] ],
	[ (1,2)(6,8)(7,11)(10,12), (1,2)(6,11)(7,8)(9,13), (1,2)(5,10)(6,13)(9,11), (1,2)(5,12)(7,9)(8,13), [ (1,2)(5,10)(6,13)(9,11), (1,2)(5,12\
)(7,9)(8,13) ], [ (1,2)(6,8)(7,11)(10,12), (1,2)(6,11)(7,8)(9,13) ], [ (1,2)(6,11)(7,8)(9,13), (1,2)(5,10)(6,13)(9,11) ], [ (1,2)(6,11)(7,\
8)(9,13), (1,2)(5,12)(7,9)(8,13) ] ]
),

AxialRep(
	VirasoroFusion(4,3),
	TrgpNC(
	Group( 
[ (6,7)(8,11)(9,13)(10,12), (3,4)(8,11)(9,12)(10,13), (3,4)(6,7)(9,10)(12,13), (2,3)(8,13)(9,11)(10,12), (2,3)(6,7)(8,9)(11,13), (2,4)(8,1\
2)(9,13)(10,11), (2,4)(6,7)(8,10)(11,12) ] ),
	[ (6,7)(8,11)(9,13)(10,12), (3,4)(8,11)(9,12)(10,13), (3,4)(6,7)(9,10)(12,13) ],
	[ [ [ (6,7)(8,11)(9,13)(10,12), (3,4)(8,11)(9,12)(10,13) ], [ 2, "A" ] ], [ [ (6,7)(8,11)(9,13)(10,12), (3,4)(6,7)(9,10)(12,13) ], [ 2, "\
A" ] ], [ [ (3,4)(8,11)(9,12)(10,13), (3,4)(6,7)(9,10)(12,13) ], [ 2, "A" ] ], [ [ (3,4)(8,11)(9,12)(10,13), (2,3)(8,13)(9,11)(10,12) ], [\
 3, "A" ] ], [ [ (3,4)(8,11)(9,12)(10,13), (2,3)(6,7)(8,9)(11,13) ], [ 6, "A" ] ], [ [ (3,4)(6,7)(9,10)(12,13), (2,3)(6,7)(8,9)(11,13) ], \
[ 3, "A" ] ] ]
),
	Alg(
	Rationals^8,
	[ [ [ 1, 0, 0, 0, 0, 0, 0, 0 ] ], [ [ 1/8, 1/8, -1/8, 0, 0, 0, 0, 0 ], [ 0, 1, 0, 0, 0, 0, 0, 0 ] ], [ [ 1/8, -1/8, 1/8, 0, 0, 0, 0, 0 ],\
 [ -1/8, 1/8, 1/8, 0, 0, 0, 0, 0 ], [ 0, 0, 1, 0, 0, 0, 0, 0 ] ], [ [ 1/8, 0, 0, 1/8, -1/8, 0, 0, 0 ], [ 0, 0, 0, 1/32, 0, -1/32, 0, 1 ], \
[ 1/64, 1/192, 1/64, 5/192, -1/64, 1/192, -1/64, -1/3 ], [ 0, 0, 0, 1, 0, 0, 0, 0 ] ], [ [ 1/8, 0, 0, -1/8, 1/8, 0, 0, 0 ], [ 1/64, 7/192,\
 -1/64, -1/192, 1/64, 1/192, -1/64, -1/3 ], [ 0, -1/16, 1/16, -1/32, 1/16, -1/16, 1/32, 1 ], [ -1/8, 0, 0, 1/8, 1/8, 0, 0, 0 ], [ 0, 0, 0,\
 0, 1, 0, 0, 0 ] ], [ [ 1/8, 0, 0, 0, 0, 1/8, -1/8, 0 ], [ 0, 0, 0, 0, 0, 0, 0, 1 ], [ 1/64, 1/192, 1/64, -1/192, -1/64, 7/192, -1/64, -1/\
3 ], [ 0, -1/32, 0, 1/32, 0, 0, 0, 1 ], [ 1/64, 1/192, -1/64, -1/192, 1/64, 7/192, -1/64, -1/3 ], [ 0, 0, 0, 0, 0, 1, 0, 0 ] ], [ [ 1/8, 0\
, 0, 0, 0, -1/8, 1/8, 0 ], [ 1/64, 7/192, -1/64, -1/192, -1/64, 1/192, 1/64, -1/3 ], [ 0, -1/16, 1/16, -1/32, 1/32, -1/16, 1/16, 1 ], [ 1/\
64, 1/192, -1/64, 5/192, -1/64, 1/192, 1/64, -1/3 ], [ 0, -1/16, 1/32, -1/32, 1/16, -1/16, 1/16, 1 ], [ -1/8, 0, 0, 0, 0, 1/8, 1/8, 0 ], [\
 0, 0, 0, 0, 0, 0, 1, 0 ] ], [ [ 5/256, 1/128, -1/128, 1/256, -1/256, 1/128, -1/128, 0 ], [ 0, 39/1024, 0, 7/2048, 0, -7/2048, 0, 1/4 ], [\
 -13/2048, -3/2048, -11/2048, -9/2048, 3/512, -15/2048, 3/512, 1/8 ], [ 0, -9/2048, 0, 1/64, 0, -9/2048, 0, 9/32 ], [ -1/512, -11/1536, 11\
/2048, -5/3072, -9/1024, -11/1536, 11/2048, 11/96 ], [ 0, -7/2048, 0, 7/2048, 0, 39/1024, 0, 1/4 ], [ -13/2048, -15/2048, 3/512, -9/2048, \
3/512, -3/2048, -11/2048, 1/8 ], [ 0, 9/2048, 0, 175/65536, 0, 9/2048, 0, -3/2048 ] ] ]
),
	[ [ (6,7)(8,11)(9,13)(10,12), [ 1, 0, 0, 0, 0, 0, 0, 0 ] ], [ (3,4)(8,11)(9,12)(10,13), [ 0, 1, 0, 0, 0, 0, 0, 0 ] ], [ (3,4)(6,7)(9,10)(\
12,13), [ 0, 0, 1, 0, 0, 0, 0, 0 ] ], [ (2,3)(8,13)(9,11)(10,12), [ 0, 0, 0, 1, 0, 0, 0, 0 ] ], [ (2,3)(6,7)(8,9)(11,13), [ 0, 0, 0, 0, 1,\
 0, 0, 0 ] ], [ (2,4)(8,12)(9,13)(10,11), [ 0, 0, 0, 0, 0, 1, 0, 0 ] ], [ (2,4)(6,7)(8,10)(11,12), [ 0, 0, 0, 0, 0, 0, 1, 0 ] ] ],
	[ (6,7)(8,11)(9,13)(10,12), (3,4)(8,11)(9,12)(10,13), (3,4)(6,7)(9,10)(12,13), (2,3)(8,13)(9,11)(10,12), (2,3)(6,7)(8,9)(11,13), (2,4)(8,\
12)(9,13)(10,11), (2,4)(6,7)(8,10)(11,12), [ (3,4)(8,11)(9,12)(10,13), (2,4)(8,12)(9,13)(10,11) ] ]
),

AxialRep(
	VirasoroFusion(4,3),
	TrgpNC(
	Group( [ (4,5), (2,3), (1,2), (1,3) ] ),
	[ (4,5), (2,3) ],
	[ [ [ (4,5), (2,3) ], [ 2, "B" ] ], [ [ (2,3), (1,2) ], [ 3, "C" ] ] ]
),
	Alg(
	Rationals^4,
	[ [ [ 1, 0, 0, 0 ] ], [ [ 0, 0, 0, 0 ], [ 0, 1, 0, 0 ] ], [ [ 0, 0, 0, 0 ], [ 0, 1/64, 1/64, -1/64 ], [ 0, 0, 1, 0 ] ], [ [ 0, 0, 0, 0 ],\
 [ 0, 1/64, -1/64, 1/64 ], [ 0, -1/64, 1/64, 1/64 ], [ 0, 0, 0, 1 ] ] ]
),
	[ [ (4,5), [ 1, 0, 0, 0 ] ], [ (2,3), [ 0, 1, 0, 0 ] ], [ (1,2), [ 0, 0, 1, 0 ] ], [ (1,3), [ 0, 0, 0, 1 ] ] ],
	[ (4,5), (2,3), (1,2), (1,3) ]
)
];