return [
AxialRep(
	VirasoroFusion(4,3),
	TrgpNC(
	Group( 
[ (6,7)(8,11)(9,13)(10,12), (3,4)(8,11)(9,12)(10,13), (3,4)(6,7)(9,10)(12,13),\
 (2,3)(8,13)(9,11)(10,12), (2,3)(6,7)(8,9)(11,13), (2,4)(8,12)(9,13)(10,11), (\
2,4)(6,7)(8,10)(11,12), (1,2)(6,8)(7,11)(10,12), (1,2)(6,11)(7,8)(9,13), (1,3)\
(6,9)(7,13)(8,11), (1,3)(6,13)(7,9)(10,12), (1,4)(6,10)(7,12)(9,13), (1,4)(6,1\
2)(7,10)(8,11) ] ),
	[ (3,4)(8,11)(9,12)(10,13) ],
	[ [ [ (3,4)(8,11)(9,12)(10,13), (3,4)(6,7)(9,10)(12,13) ], [ 2, "A" ] ], [ [ \
(3,4)(8,11)(9,12)(10,13), (2,3)(8,13)(9,11)(10,12) ], [ 3, "A" ] ], [ [ (3,4)(\
8,11)(9,12)(10,13), (2,3)(6,7)(8,9)(11,13) ], [ 6, "A" ] ], [ [ (3,4)(8,11)(9,\
12)(10,13), (1,2)(6,8)(7,11)(10,12) ], [ 4, "B" ] ], [ [ (3,4)(8,11)(9,12)(10,\
13), (1,3)(6,9)(7,13)(8,11) ], [ 3, "A" ] ] ]
),
	Alg(
	Rationals^17,
	[ [ [ 1, 0, 0, 0, 0, 0, 0, 0, 0, 0, 0, 0, 0, 0, 0, 0, 0 ] ], [ [ 1/8, 1/8, 0,\
 0, 0, 0, -1/8, -1/8, 0, 0, 0, 0, 1, 0, 0, 0, 0 ], [ 0, 1, 0, 0, 0, 0, 0, 0, 0\
, 0, 0, 0, 0, 0, 0, 0, 0 ] ], [ [ 1/16, 0, 1/16, 0, 1/32, 0, 0, 0, 0, 0, 0, 0,\
 0, -135/2048, 0, 0, 0 ], [ -1/64, 1/64, 1/64, -1/64, -1/64, -1/64, 1/64, 1/64\
, 0, 0, 0, 0, -1/8, 45/2048, 0, 0, 0 ], [ 0, 0, 1, 0, 0, 0, 0, 0, 0, 0, 0, 0, \
0, 0, 0, 0, 0 ] ], [ [ 1/64, -1/64, -1/64, 1/64, -1/64, -1/64, 1/64, 1/64, 0, \
0, 0, 0, -1/8, 45/2048, 0, 0, 0 ], [ 0, 1/16, 0, 1/16, 0, 1/32, 0, 0, 0, 0, 0,\
 0, 0, -135/2048, 0, 0, 0 ], [ 0, 0, 1/8, 1/8, 0, 0, -1/8, -1/8, 0, 0, 0, 0, 1\
, 0, 0, 0, 0 ], [ 0, 0, 0, 1, 0, 0, 0, 0, 0, 0, 0, 0, 0, 0, 0, 0, 0 ] ], [ [ 1\
/16, 0, 1/32, 0, 1/16, 0, 0, 0, 0, 0, 0, 0, 0, -135/2048, 0, 0, 0 ], [ -1/64, \
1/64, -1/64, -1/64, 1/64, -1/64, 1/64, 1/64, 0, 0, 0, 0, -1/8, 45/2048, 0, 0, \
0 ], [ 1/32, 0, 1/16, 0, 1/16, 0, 0, 0, 0, 0, 0, 0, 0, -135/2048, 0, 0, 0 ], [\
 -1/64, -1/64, -1/64, 1/64, 1/64, -1/64, 1/64, 1/64, 0, 0, 0, 0, -1/8, 45/2048\
, 0, 0, 0 ], [ 0, 0, 0, 0, 1, 0, 0, 0, 0, 0, 0, 0, 0, 0, 0, 0, 0 ] ], [ [ 1/64\
, -1/64, -1/64, -1/64, -1/64, 1/64, 1/64, 1/64, 0, 0, 0, 0, -1/8, 45/2048, 0, \
0, 0 ], [ 0, 1/16, 0, 1/32, 0, 1/16, 0, 0, 0, 0, 0, 0, 0, -135/2048, 0, 0, 0 ]\
, [ -1/64, -1/64, 1/64, -1/64, -1/64, 1/64, 1/64, 1/64, 0, 0, 0, 0, -1/8, 45/2\
048, 0, 0, 0 ], [ 0, 1/32, 0, 1/16, 0, 1/16, 0, 0, 0, 0, 0, 0, 0, -135/2048, 0\
, 0, 0 ], [ 0, 0, 0, 0, 1/8, 1/8, -1/8, -1/8, 0, 0, 0, 0, 1, 0, 0, 0, 0 ], [ 0\
, 0, 0, 0, 0, 1, 0, 0, 0, 0, 0, 0, 0, 0, 0, 0, 0 ] ], [ [ 1/64, -1/64, 0, 0, 0\
, 0, 1/32, 0, 0, 0, 0, 0, -1/8, 0, 0, 0, 0 ], [ -1/64, 1/64, 0, 0, 0, 0, 1/32,\
 0, 0, 0, 0, 0, -1/8, 0, 0, 0, 0 ], [ 0, 0, 1/16, 0, 0, 0, 1/16, 0, 0, 1/32, 0\
, 0, 0, 0, 0, -135/2048, 0 ], [ 0, 0, -1/64, 1/64, 0, 0, 1/32, 0, -1/64, -1/64\
, 0, 0, -1/8, 0, 0, 45/2048, 0 ], [ 0, 0, 0, 0, 1/64, -1/64, 1/32, 0, 0, 0, -1\
/64, -1/64, -1/8, 0, 0, 0, 45/2048 ], [ 0, 0, 0, 0, 0, 1/16, 1/16, 0, 0, 0, 0,\
 1/32, 0, 0, 0, 0, -135/2048 ], [ 0, 0, 0, 0, 0, 0, 1, 0, 0, 0, 0, 0, 0, 0, 0,\
 0, 0 ] ], [ [ 1/64, -1/64, 0, 0, 0, 0, 0, 1/32, 0, 0, 0, 0, -1/8, 0, 0, 0, 0 \
], [ -1/64, 1/64, 0, 0, 0, 0, 0, 1/32, 0, 0, 0, 0, -1/8, 0, 0, 0, 0 ], [ 0, 0,\
 1/64, -1/64, 0, 0, 0, 1/32, -1/64, -1/64, 0, 0, -1/8, 0, 0, 45/2048, 0 ], [ 0\
, 0, 0, 1/16, 0, 0, 0, 1/16, 1/32, 0, 0, 0, 0, 0, 0, -135/2048, 0 ], [ 0, 0, 0\
, 0, 1/16, 0, 0, 1/16, 0, 0, 1/32, 0, 0, 0, 0, 0, -135/2048 ], [ 0, 0, 0, 0, -\
1/64, 1/64, 0, 1/32, 0, 0, -1/64, -1/64, -1/8, 0, 0, 0, 45/2048 ], [ 0, 0, 0, \
0, 0, 0, 0, 0, 0, 0, 0, 0, 1, 0, 0, 0, 0 ], [ 0, 0, 0, 0, 0, 0, 0, 1, 0, 0, 0,\
 0, 0, 0, 0, 0, 0 ] ], [ [ 1/16, 0, 0, 0, 0, 0, 0, 0, 1/16, 0, 0, 1/32, 0, 0, \
-135/2048, 0, 0 ], [ -1/64, 1/64, 0, 0, 0, 0, 1/64, 1/64, 1/64, -1/64, -1/64, \
-1/64, -1/8, 0, 45/2048, 0, 0 ], [ 0, 0, 1/64, -1/64, 0, 0, 0, 0, 1/64, -1/64,\
 0, 0, -1/8, 0, 0, 45/2048, 0 ], [ 0, 0, 0, 1/16, 0, 0, 0, 1/32, 1/16, 0, 0, 0\
, 0, 0, 0, -135/2048, 0 ], [ 0, 0, 0, 0, 1/64, -1/64, 1/64, 1/64, 1/64, -1/64,\
 0, 0, -1/8, 0, 0, 0, 0 ], [ 0, 0, 0, 0, -1/64, 1/64, 1/64, 1/64, 1/64, -1/64,\
 0, 0, -1/8, 0, 0, 0, 0 ], [ 0, 0, -1/64, -1/64, 0, 0, 1/32, 0, 1/64, -1/64, 0\
, 0, -1/8, 0, 0, 45/2048, 0 ], [ 0, 0, 0, 1/32, 0, 0, 0, 1/16, 1/16, 0, 0, 0, \
0, 0, 0, -135/2048, 0 ], [ 0, 0, 0, 0, 0, 0, 0, 0, 1, 0, 0, 0, 0, 0, 0, 0, 0 ]\
 ], [ [ 1/64, -1/64, 0, 0, 0, 0, 1/64, 1/64, -1/64, 1/64, -1/64, -1/64, -1/8, \
0, 45/2048, 0, 0 ], [ 0, 1/16, 0, 0, 0, 0, 0, 0, 0, 1/16, 1/32, 0, 0, 0, -135/\
2048, 0, 0 ], [ 0, 0, 1/16, 0, 0, 0, 1/32, 0, 0, 1/16, 0, 0, 0, 0, 0, -135/204\
8, 0 ], [ 0, 0, -1/64, 1/64, 0, 0, 0, 0, -1/64, 1/64, 0, 0, -1/8, 0, 0, 45/204\
8, 0 ], [ 0, 0, 0, 0, 1/64, -1/64, 1/64, 1/64, -1/64, 1/64, 0, 0, -1/8, 0, 0, \
0, 0 ], [ 0, 0, 0, 0, -1/64, 1/64, 1/64, 1/64, -1/64, 1/64, 0, 0, -1/8, 0, 0, \
0, 0 ], [ 0, 0, 1/32, 0, 0, 0, 1/16, 0, 0, 1/16, 0, 0, 0, 0, 0, -135/2048, 0 ]\
, [ 0, 0, -1/64, -1/64, 0, 0, 0, 1/32, -1/64, 1/64, 0, 0, -1/8, 0, 0, 45/2048,\
 0 ], [ 0, 0, 0, 0, 0, 0, -1/8, -1/8, 1/8, 1/8, 0, 0, 1, 0, 0, 0, 0 ], [ 0, 0,\
 0, 0, 0, 0, 0, 0, 0, 1, 0, 0, 0, 0, 0, 0, 0 ] ], [ [ 1/64, -1/64, 0, 0, 0, 0,\
 1/64, 1/64, -1/64, -1/64, 1/64, -1/64, -1/8, 0, 45/2048, 0, 0 ], [ 0, 1/16, 0\
, 0, 0, 0, 0, 0, 0, 1/32, 1/16, 0, 0, 0, -135/2048, 0, 0 ], [ 0, 0, 1/64, -1/6\
4, 0, 0, 1/64, 1/64, 0, 0, 1/64, -1/64, -1/8, 0, 0, 0, 0 ], [ 0, 0, -1/64, 1/6\
4, 0, 0, 1/64, 1/64, 0, 0, 1/64, -1/64, -1/8, 0, 0, 0, 0 ], [ 0, 0, 0, 0, 1/16\
, 0, 0, 1/32, 0, 0, 1/16, 0, 0, 0, 0, 0, -135/2048 ], [ 0, 0, 0, 0, -1/64, 1/6\
4, 0, 0, 0, 0, 1/64, -1/64, -1/8, 0, 0, 0, 45/2048 ], [ 0, 0, 0, 0, -1/64, -1/\
64, 1/32, 0, 0, 0, 1/64, -1/64, -1/8, 0, 0, 0, 45/2048 ], [ 0, 0, 0, 0, 1/32, \
0, 0, 1/16, 0, 0, 1/16, 0, 0, 0, 0, 0, -135/2048 ], [ -1/64, -1/64, 0, 0, 0, 0\
, 1/64, 1/64, 1/64, -1/64, 1/64, -1/64, -1/8, 0, 45/2048, 0, 0 ], [ 0, 1/32, 0\
, 0, 0, 0, 0, 0, 0, 1/16, 1/16, 0, 0, 0, -135/2048, 0, 0 ], [ 0, 0, 0, 0, 0, 0\
, 0, 0, 0, 0, 1, 0, 0, 0, 0, 0, 0 ] ], [ [ 1/16, 0, 0, 0, 0, 0, 0, 0, 1/32, 0,\
 0, 1/16, 0, 0, -135/2048, 0, 0 ], [ -1/64, 1/64, 0, 0, 0, 0, 1/64, 1/64, -1/6\
4, -1/64, -1/64, 1/64, -1/8, 0, 45/2048, 0, 0 ], [ 0, 0, 1/64, -1/64, 0, 0, 1/\
64, 1/64, 0, 0, -1/64, 1/64, -1/8, 0, 0, 0, 0 ], [ 0, 0, -1/64, 1/64, 0, 0, 1/\
64, 1/64, 0, 0, -1/64, 1/64, -1/8, 0, 0, 0, 0 ], [ 0, 0, 0, 0, 1/64, -1/64, 0,\
 0, 0, 0, -1/64, 1/64, -1/8, 0, 0, 0, 45/2048 ], [ 0, 0, 0, 0, 0, 1/16, 1/32, \
0, 0, 0, 0, 1/16, 0, 0, 0, 0, -135/2048 ], [ 0, 0, 0, 0, 0, 1/32, 1/16, 0, 0, \
0, 0, 1/16, 0, 0, 0, 0, -135/2048 ], [ 0, 0, 0, 0, -1/64, -1/64, 0, 1/32, 0, 0\
, -1/64, 1/64, -1/8, 0, 0, 0, 45/2048 ], [ 1/32, 0, 0, 0, 0, 0, 0, 0, 1/16, 0,\
 0, 1/16, 0, 0, -135/2048, 0, 0 ], [ -1/64, -1/64, 0, 0, 0, 0, 1/64, 1/64, -1/\
64, 1/64, -1/64, 1/64, -1/8, 0, 45/2048, 0, 0 ], [ 0, 0, 0, 0, 0, 0, -1/8, -1/\
8, 0, 0, 1/8, 1/8, 1, 0, 0, 0, 0 ], [ 0, 0, 0, 0, 0, 0, 0, 0, 0, 0, 0, 1, 0, 0\
, 0, 0, 0 ] ], [ [ -3/256, 3/256, 0, 0, 0, 0, -3/256, -3/256, 0, 0, 0, 0, 3/32\
, 0, 0, 0, 0 ], [ 3/256, -3/256, 0, 0, 0, 0, -3/256, -3/256, 0, 0, 0, 0, 3/32,\
 0, 0, 0, 0 ], [ 0, 0, -3/512, 7/512, 0, 0, -1/128, -3/256, -1/512, 1/512, 0, \
0, 7/64, 0, 0, -45/8192, 0 ], [ 0, 0, 7/512, -3/512, 0, 0, -3/256, -1/128, 1/5\
12, -1/512, 0, 0, 7/64, 0, 0, -45/8192, 0 ], [ 0, 0, 0, 0, -3/512, 7/512, -3/2\
56, -1/128, 0, 0, 1/512, -1/512, 7/64, 0, 0, 0, -45/8192 ], [ 0, 0, 0, 0, 7/51\
2, -3/512, -1/128, -3/256, 0, 0, -1/512, 1/512, 7/64, 0, 0, 0, -45/8192 ], [ 0\
, 0, 0, 0, 0, 0, 3/32, 0, 0, 0, 0, 0, 1/4, 0, 0, 0, 0 ], [ 0, 0, 0, 0, 0, 0, 0\
, 3/32, 0, 0, 0, 0, 1/4, 0, 0, 0, 0 ], [ 0, 0, -1/512, 1/512, 0, 0, -3/256, -1\
/128, -3/512, 7/512, 0, 0, 7/64, 0, 0, -45/8192, 0 ], [ 0, 0, 1/512, -1/512, 0\
, 0, -1/128, -3/256, 7/512, -3/512, 0, 0, 7/64, 0, 0, -45/8192, 0 ], [ 0, 0, 0\
, 0, 1/512, -1/512, -3/256, -1/128, 0, 0, -3/512, 7/512, 7/64, 0, 0, 0, -45/81\
92 ], [ 0, 0, 0, 0, -1/512, 1/512, -1/128, -3/256, 0, 0, 7/512, -3/512, 7/64, \
0, 0, 0, -45/8192 ], [ 0, 0, 0, 0, 0, 0, 3/128, 3/128, 0, 0, 0, 0, -1/32, 0, 0\
, 0, 0 ] ], [ [ 2/9, 0, -1/9, 0, -1/9, 0, 0, 0, 0, 0, 0, 0, 0, 5/32, 0, 0, 0 ]\
, [ 0, 2/9, 0, -1/9, 0, -1/9, 0, 0, 0, 0, 0, 0, 0, 5/32, 0, 0, 0 ], [ -1/9, 0,\
 2/9, 0, -1/9, 0, 0, 0, 0, 0, 0, 0, 0, 5/32, 0, 0, 0 ], [ 0, -1/9, 0, 2/9, 0, \
-1/9, 0, 0, 0, 0, 0, 0, 0, 5/32, 0, 0, 0 ], [ -1/9, 0, -1/9, 0, 2/9, 0, 0, 0, \
0, 0, 0, 0, 0, 5/32, 0, 0, 0 ], [ 0, -1/9, 0, -1/9, 0, 2/9, 0, 0, 0, 0, 0, 0, \
0, 5/32, 0, 0, 0 ], [ 0, 0, 1/90, 0, 0, 1/90, 1/45, 0, 0, 1/90, 0, 1/90, 4/45,\
 1/64, -1/64, -1/64, -1/64 ], [ 0, 0, 0, 1/90, 1/90, 0, 0, 1/45, 1/90, 0, 1/90\
, 0, 4/45, 1/64, -1/64, -1/64, -1/64 ], [ 1/90, 0, 0, 1/90, 0, 0, -1/90, 0, 1/\
30, 1/90, 0, 1/90, 4/45, 1/64, -1/64, -1/64, -1/64 ], [ 0, 1/90, 1/90, 0, 0, 0\
, 0, -1/90, 1/90, 1/30, 1/90, 0, 4/45, 1/64, -1/64, -1/64, -1/64 ], [ 0, 1/90,\
 0, 0, 1/90, 0, -1/90, 0, 0, 1/90, 1/30, 1/90, 4/45, 1/64, -1/64, -1/64, -1/64\
 ], [ 1/90, 0, 0, 0, 0, 1/90, 0, -1/90, 1/90, 0, 1/90, 1/30, 4/45, 1/64, -1/64\
, -1/64, -1/64 ], [ 0, 0, 1/720, 1/720, 1/720, 1/720, 1/360, 1/360, 1/720, 1/7\
20, 1/720, 1/720, 1/45, 1/256, -1/256, -1/256, -1/256 ], [ 0, 0, 0, 0, 0, 0, 0\
, 0, 0, 0, 0, 0, 0, 1, 0, 0, 0 ] ], [ [ 2/9, 0, 0, 0, 0, 0, 0, 0, -1/9, 0, 0, \
-1/9, 0, 0, 5/32, 0, 0 ], [ 0, 2/9, 0, 0, 0, 0, 0, 0, 0, -1/9, -1/9, 0, 0, 0, \
5/32, 0, 0 ], [ 1/90, 0, 1/30, 1/90, 1/90, 0, 0, -1/90, 0, 1/90, 0, 0, 4/45, -\
1/64, 1/64, -1/64, -1/64 ], [ 0, 1/90, 1/90, 1/30, 0, 1/90, -1/90, 0, 1/90, 0,\
 0, 0, 4/45, -1/64, 1/64, -1/64, -1/64 ], [ 1/90, 0, 1/90, 0, 1/30, 1/90, -1/9\
0, 0, 0, 0, 1/90, 0, 4/45, -1/64, 1/64, -1/64, -1/64 ], [ 0, 1/90, 0, 1/90, 1/\
90, 1/30, 0, -1/90, 0, 0, 0, 1/90, 4/45, -1/64, 1/64, -1/64, -1/64 ], [ 0, 0, \
1/90, 0, 0, 1/90, 1/45, 0, 0, 1/90, 0, 1/90, 4/45, -1/64, 1/64, -1/64, -1/64 ]\
, [ 0, 0, 0, 1/90, 1/90, 0, 0, 1/45, 1/90, 0, 1/90, 0, 4/45, -1/64, 1/64, -1/6\
4, -1/64 ], [ -1/9, 0, 0, 0, 0, 0, 0, 0, 2/9, 0, 0, -1/9, 0, 0, 5/32, 0, 0 ], \
[ 0, -1/9, 0, 0, 0, 0, 0, 0, 0, 2/9, -1/9, 0, 0, 0, 5/32, 0, 0 ], [ 0, -1/9, 0\
, 0, 0, 0, 0, 0, 0, -1/9, 2/9, 0, 0, 0, 5/32, 0, 0 ], [ -1/9, 0, 0, 0, 0, 0, 0\
, 0, -1/9, 0, 0, 2/9, 0, 0, 5/32, 0, 0 ], [ 0, 0, 1/720, 1/720, 1/720, 1/720, \
1/360, 1/360, 1/720, 1/720, 1/720, 1/720, 1/45, -1/256, 1/256, -1/256, -1/256 \
], [ 64/2025, 64/2025, -64/2025, -64/2025, -64/2025, -64/2025, 0, 0, -64/2025,\
 -64/2025, -64/2025, -64/2025, -512/2025, 1/15, 1/15, 1/30, 1/30 ], [ 0, 0, 0,\
 0, 0, 0, 0, 0, 0, 0, 0, 0, 0, 0, 1, 0, 0 ] ], [ [ 1/30, 1/90, 1/90, 0, 1/90, \
0, -1/90, -1/90, 1/90, 0, 0, 1/90, 4/45, -1/64, -1/64, 1/64, -1/64 ], [ 1/90, \
1/30, 0, 1/90, 0, 1/90, -1/90, -1/90, 0, 1/90, 1/90, 0, 4/45, -1/64, -1/64, 1/\
64, -1/64 ], [ 0, 0, 2/9, 0, 0, 0, -1/9, 0, 0, -1/9, 0, 0, 0, 0, 0, 5/32, 0 ],\
 [ 0, 0, 0, 2/9, 0, 0, 0, -1/9, -1/9, 0, 0, 0, 0, 0, 0, 5/32, 0 ], [ 1/90, 0, \
1/90, 0, 1/30, 1/90, -1/90, 0, 0, 0, 1/90, 0, 4/45, -1/64, -1/64, 1/64, -1/64 \
], [ 0, 1/90, 0, 1/90, 1/90, 1/30, 0, -1/90, 0, 0, 0, 1/90, 4/45, -1/64, -1/64\
, 1/64, -1/64 ], [ 0, 0, -1/9, 0, 0, 0, 2/9, 0, 0, -1/9, 0, 0, 0, 0, 0, 5/32, \
0 ], [ 0, 0, 0, -1/9, 0, 0, 0, 2/9, -1/9, 0, 0, 0, 0, 0, 0, 5/32, 0 ], [ 0, 0,\
 0, -1/9, 0, 0, 0, -1/9, 2/9, 0, 0, 0, 0, 0, 0, 5/32, 0 ], [ 0, 0, -1/9, 0, 0,\
 0, -1/9, 0, 0, 2/9, 0, 0, 0, 0, 0, 5/32, 0 ], [ 0, 1/90, 0, 0, 1/90, 0, -1/90\
, 0, 0, 1/90, 1/30, 1/90, 4/45, -1/64, -1/64, 1/64, -1/64 ], [ 1/90, 0, 0, 0, \
0, 1/90, 0, -1/90, 1/90, 0, 1/90, 1/30, 4/45, -1/64, -1/64, 1/64, -1/64 ], [ 0\
, 0, -1/72, -1/72, 0, 0, 1/36, 1/36, -1/72, -1/72, 0, 0, 0, 0, 0, 5/128, 0 ], \
[ -64/2025, -64/2025, 64/2025, 64/2025, -64/2025, -64/2025, 0, 0, -64/2025, -6\
4/2025, -64/2025, -64/2025, -512/2025, 1/15, 1/30, 1/15, 1/30 ], [ -64/2025, -\
64/2025, -64/2025, -64/2025, -64/2025, -64/2025, 0, 0, 64/2025, 64/2025, -64/2\
025, -64/2025, -512/2025, 1/30, 1/15, 1/15, 1/30 ], [ 0, 0, 0, 0, 0, 0, 0, 0, \
0, 0, 0, 0, 0, 0, 0, 1, 0 ] ], [ [ 1/30, 1/90, 1/90, 0, 1/90, 0, -1/90, -1/90,\
 1/90, 0, 0, 1/90, 4/45, -1/64, -1/64, -1/64, 1/64 ], [ 1/90, 1/30, 0, 1/90, 0\
, 1/90, -1/90, -1/90, 0, 1/90, 1/90, 0, 4/45, -1/64, -1/64, -1/64, 1/64 ], [ 1\
/90, 0, 1/30, 1/90, 1/90, 0, 0, -1/90, 0, 1/90, 0, 0, 4/45, -1/64, -1/64, -1/6\
4, 1/64 ], [ 0, 1/90, 1/90, 1/30, 0, 1/90, -1/90, 0, 1/90, 0, 0, 0, 4/45, -1/6\
4, -1/64, -1/64, 1/64 ], [ 0, 0, 0, 0, 2/9, 0, 0, -1/9, 0, 0, -1/9, 0, 0, 0, 0\
, 0, 5/32 ], [ 0, 0, 0, 0, 0, 2/9, -1/9, 0, 0, 0, 0, -1/9, 0, 0, 0, 0, 5/32 ],\
 [ 0, 0, 0, 0, 0, -1/9, 2/9, 0, 0, 0, 0, -1/9, 0, 0, 0, 0, 5/32 ], [ 0, 0, 0, \
0, -1/9, 0, 0, 2/9, 0, 0, -1/9, 0, 0, 0, 0, 0, 5/32 ], [ 1/90, 0, 0, 1/90, 0, \
0, -1/90, 0, 1/30, 1/90, 0, 1/90, 4/45, -1/64, -1/64, -1/64, 1/64 ], [ 0, 1/90\
, 1/90, 0, 0, 0, 0, -1/90, 1/90, 1/30, 1/90, 0, 4/45, -1/64, -1/64, -1/64, 1/6\
4 ], [ 0, 0, 0, 0, -1/9, 0, 0, -1/9, 0, 0, 2/9, 0, 0, 0, 0, 0, 5/32 ], [ 0, 0,\
 0, 0, 0, -1/9, -1/9, 0, 0, 0, 0, 2/9, 0, 0, 0, 0, 5/32 ], [ 0, 0, 0, 0, -1/72\
, -1/72, 1/36, 1/36, 0, 0, -1/72, -1/72, 0, 0, 0, 0, 5/128 ], [ -64/2025, -64/\
2025, -64/2025, -64/2025, 64/2025, 64/2025, 0, 0, -64/2025, -64/2025, -64/2025\
, -64/2025, -512/2025, 1/15, 1/30, 1/30, 1/15 ], [ -64/2025, -64/2025, -64/202\
5, -64/2025, -64/2025, -64/2025, 0, 0, -64/2025, -64/2025, 64/2025, 64/2025, -\
512/2025, 1/30, 1/15, 1/30, 1/15 ], [ -64/2025, -64/2025, -64/2025, -64/2025, \
-64/2025, -64/2025, 128/2025, 128/2025, -64/2025, -64/2025, -64/2025, -64/2025\
, -512/2025, 1/30, 1/30, 1/15, 1/15 ], [ 0, 0, 0, 0, 0, 0, 0, 0, 0, 0, 0, 0, 0\
, 0, 0, 0, 1 ] ] ]
),
	[ [ (3,4)(8,11)(9,12)(10,13), [ 1, 0, 0, 0, 0, 0, 0, 0, 0, 0, 0, 0, 0, 0, 0, \
0, 0 ] ], [ (3,4)(6,7)(9,10)(12,13), [ 0, 1, 0, 0, 0, 0, 0, 0, 0, 0, 0, 0, 0, \
0, 0, 0, 0 ] ], [ (2,3)(8,13)(9,11)(10,12), [ 0, 0, 1, 0, 0, 0, 0, 0, 0, 0, 0,\
 0, 0, 0, 0, 0, 0 ] ], [ (2,3)(6,7)(8,9)(11,13), [ 0, 0, 0, 1, 0, 0, 0, 0, 0, \
0, 0, 0, 0, 0, 0, 0, 0 ] ], [ (2,3,4)(8,9,10)(11,13,12), [ 0, 0, 0, 0, 0, 0, 0\
, 0, 0, 0, 0, 0, 0, 1, 0, 0, 0 ] ], [ (2,4,3)(8,10,9)(11,12,13), [ 0, 0, 0, 0,\
 0, 0, 0, 0, 0, 0, 0, 0, 0, 1, 0, 0, 0 ] ], [ (2,4)(8,12)(9,13)(10,11), [ 0, 0\
, 0, 0, 1, 0, 0, 0, 0, 0, 0, 0, 0, 0, 0, 0, 0 ] ], [ (2,4)(6,7)(8,10)(11,12), \
[ 0, 0, 0, 0, 0, 1, 0, 0, 0, 0, 0, 0, 0, 0, 0, 0, 0 ] ], [ (1,2)(6,8)(7,11)(10\
,12), [ 0, 0, 0, 0, 0, 0, 1, 0, 0, 0, 0, 0, 0, 0, 0, 0, 0 ] ], [ (1,2)(6,11)(7\
,8)(9,13), [ 0, 0, 0, 0, 0, 0, 0, 1, 0, 0, 0, 0, 0, 0, 0, 0, 0 ] ], [ (1,2,3)(\
6,8,13)(7,11,9), [ 0, 0, 0, 0, 0, 0, 0, 0, 0, 0, 0, 0, 0, 0, 0, 1, 0 ] ], [ (1\
,2,4)(6,11,10)(7,8,12), [ 0, 0, 0, 0, 0, 0, 0, 0, 0, 0, 0, 0, 0, 0, 0, 0, 1 ] \
], [ (1,3,2)(6,13,8)(7,9,11), [ 0, 0, 0, 0, 0, 0, 0, 0, 0, 0, 0, 0, 0, 0, 0, 1\
, 0 ] ], [ (1,3)(6,9)(7,13)(8,11), [ 0, 0, 0, 0, 0, 0, 0, 0, 1, 0, 0, 0, 0, 0,\
 0, 0, 0 ] ], [ (1,3)(6,13)(7,9)(10,12), [ 0, 0, 0, 0, 0, 0, 0, 0, 0, 1, 0, 0,\
 0, 0, 0, 0, 0 ] ], [ (1,3,4)(6,9,12)(7,13,10), [ 0, 0, 0, 0, 0, 0, 0, 0, 0, 0\
, 0, 0, 0, 0, 1, 0, 0 ] ], [ (1,4,2)(6,10,11)(7,12,8), [ 0, 0, 0, 0, 0, 0, 0, \
0, 0, 0, 0, 0, 0, 0, 0, 0, 1 ] ], [ (1,4,3)(6,12,9)(7,10,13), [ 0, 0, 0, 0, 0,\
 0, 0, 0, 0, 0, 0, 0, 0, 0, 1, 0, 0 ] ], [ (1,4)(6,10)(7,12)(9,13), [ 0, 0, 0,\
 0, 0, 0, 0, 0, 0, 0, 1, 0, 0, 0, 0, 0, 0 ] ], [ (1,4)(6,12)(7,10)(8,11), [ 0,\
 0, 0, 0, 0, 0, 0, 0, 0, 0, 0, 1, 0, 0, 0, 0, 0 ] ] ],
	[ (3,4)(8,11)(9,12)(10,13), (3,4)(6,7)(9,10)(12,13), (2,3)(8,13)(9,11)(10,12)\
, (2,3)(6,7)(8,9)(11,13), (2,4)(8,12)(9,13)(10,11), (2,4)(6,7)(8,10)(11,12), (\
1,2)(6,8)(7,11)(10,12), (1,2)(6,11)(7,8)(9,13), (1,3)(6,9)(7,13)(8,11), (1,3)(\
6,13)(7,9)(10,12), (1,4)(6,10)(7,12)(9,13), (1,4)(6,12)(7,10)(8,11), [ (1,2)(6\
,8)(7,11)(10,12), (1,2)(6,11)(7,8)(9,13) ], (2,4,3)(8,10,9)(11,12,13), (1,3,4)\
(6,9,12)(7,13,10), (1,2,3)(6,8,13)(7,11,9), (1,4,2)(6,10,11)(7,12,8) ]
),

AxialRep(
	VirasoroFusion(4,3),
	TrgpNC(
	Group( 
[ (6,7)(8,11)(9,13)(10,12), (3,4)(8,11)(9,12)(10,13), (3,4)(6,7)(9,10)(12,13),\
 (2,3)(8,13)(9,11)(10,12), (2,3)(6,7)(8,9)(11,13), (2,4)(8,12)(9,13)(10,11), (\
2,4)(6,7)(8,10)(11,12), (1,2)(6,8)(7,11)(10,12), (1,2)(6,11)(7,8)(9,13), (1,3)\
(6,9)(7,13)(8,11), (1,3)(6,13)(7,9)(10,12), (1,4)(6,10)(7,12)(9,13), (1,4)(6,1\
2)(7,10)(8,11) ] ),
	[ (6,7)(8,11)(9,13)(10,12), (3,4)(8,11)(9,12)(10,13) ],
	[ [ [ (6,7)(8,11)(9,13)(10,12), (3,4)(8,11)(9,12)(10,13) ], [ 2, "A" ] ], [ [\
 (3,4)(8,11)(9,12)(10,13), (3,4)(6,7)(9,10)(12,13) ], [ 2, "A" ] ], [ [ (3,4)(\
8,11)(9,12)(10,13), (2,3)(8,13)(9,11)(10,12) ], [ 3, "A" ] ], [ [ (3,4)(8,11)(\
9,12)(10,13), (2,3)(6,7)(8,9)(11,13) ], [ 6, "A" ] ], [ [ (3,4)(8,11)(9,12)(10\
,13), (1,2)(6,8)(7,11)(10,12) ], [ 4, "B" ] ], [ [ (3,4)(8,11)(9,12)(10,13), (\
1,3)(6,9)(7,13)(8,11) ], [ 3, "A" ] ] ]
),
	Alg(
	Rationals^17,
	[ [ [ 1, 0, 0, 0, 0, 0, 0, 0, 0, 0, 0, 0, 0, 0, 0, 0, 0 ] ], [ [ 1/8, 1/8, -1\
/8, 0, 0, 0, 0, 0, 0, 0, 0, 0, 0, 0, 0, 0, 0 ], [ 0, 1, 0, 0, 0, 0, 0, 0, 0, 0\
, 0, 0, 0, 0, 0, 0, 0 ] ], [ [ 1/8, -1/8, 1/8, 0, 0, 0, 0, 0, 0, 0, 0, 0, 0, 0\
, 0, 0, 0 ], [ -1/8, 1/8, 1/8, 0, 0, 0, 0, 0, 0, 0, 0, 0, 0, 0, 0, 0, 0 ], [ 0\
, 0, 1, 0, 0, 0, 0, 0, 0, 0, 0, 0, 0, 0, 0, 0, 0 ] ], [ [ 1/8, 0, 0, 1/8, -1/8\
, 0, 0, 0, 0, 0, 0, 0, 0, 0, 0, 0, 0 ], [ 0, 1/16, 0, 1/16, 0, 1/32, 0, 0, 0, \
0, 0, 0, 0, 0, 0, 0, -135/2048 ], [ 1/64, -1/64, 1/64, 1/64, -1/64, -1/64, -1/\
64, 0, 0, 0, 0, 0, 0, 0, 0, 0, 45/2048 ], [ 0, 0, 0, 1, 0, 0, 0, 0, 0, 0, 0, 0\
, 0, 0, 0, 0, 0 ] ], [ [ 1/8, 0, 0, -1/8, 1/8, 0, 0, 0, 0, 0, 0, 0, 0, 0, 0, 0\
, 0 ], [ 1/64, 1/64, -1/64, -1/64, 1/64, -1/64, -1/64, 0, 0, 0, 0, 0, 0, 0, 0,\
 0, 45/2048 ], [ 0, 0, 1/16, 0, 1/16, 0, 1/32, 0, 0, 0, 0, 0, 0, 0, 0, 0, -135\
/2048 ], [ -1/8, 0, 0, 1/8, 1/8, 0, 0, 0, 0, 0, 0, 0, 0, 0, 0, 0, 0 ], [ 0, 0,\
 0, 0, 1, 0, 0, 0, 0, 0, 0, 0, 0, 0, 0, 0, 0 ] ], [ [ 1/8, 0, 0, 0, 0, 1/8, -1\
/8, 0, 0, 0, 0, 0, 0, 0, 0, 0, 0 ], [ 0, 1/16, 0, 1/32, 0, 1/16, 0, 0, 0, 0, 0\
, 0, 0, 0, 0, 0, -135/2048 ], [ 1/64, -1/64, 1/64, -1/64, -1/64, 1/64, -1/64, \
0, 0, 0, 0, 0, 0, 0, 0, 0, 45/2048 ], [ 0, 1/32, 0, 1/16, 0, 1/16, 0, 0, 0, 0,\
 0, 0, 0, 0, 0, 0, -135/2048 ], [ 1/64, -1/64, -1/64, -1/64, 1/64, 1/64, -1/64\
, 0, 0, 0, 0, 0, 0, 0, 0, 0, 45/2048 ], [ 0, 0, 0, 0, 0, 1, 0, 0, 0, 0, 0, 0, \
0, 0, 0, 0, 0 ] ], [ [ 1/8, 0, 0, 0, 0, -1/8, 1/8, 0, 0, 0, 0, 0, 0, 0, 0, 0, \
0 ], [ 1/64, 1/64, -1/64, -1/64, -1/64, -1/64, 1/64, 0, 0, 0, 0, 0, 0, 0, 0, 0\
, 45/2048 ], [ 0, 0, 1/16, 0, 1/32, 0, 1/16, 0, 0, 0, 0, 0, 0, 0, 0, 0, -135/2\
048 ], [ 1/64, -1/64, -1/64, 1/64, -1/64, -1/64, 1/64, 0, 0, 0, 0, 0, 0, 0, 0,\
 0, 45/2048 ], [ 0, 0, 1/32, 0, 1/16, 0, 1/16, 0, 0, 0, 0, 0, 0, 0, 0, 0, -135\
/2048 ], [ -1/8, 0, 0, 0, 0, 1/8, 1/8, 0, 0, 0, 0, 0, 0, 0, 0, 0, 0 ], [ 0, 0,\
 0, 0, 0, 0, 1, 0, 0, 0, 0, 0, 0, 0, 0, 0, 0 ] ], [ [ 1/8, 0, 0, 0, 0, 0, 0, 1\
/8, -1/8, 0, 0, 0, 0, 0, 0, 0, 0 ], [ 1/64, 1/64, -1/64, 0, 0, 0, 0, 1/64, -1/\
64, 0, 0, 0, 0, 0, 0, 0, 0 ], [ 1/64, -1/64, 1/64, 0, 0, 0, 0, 1/64, -1/64, 0,\
 0, 0, 0, 0, 0, 0, 0 ], [ 0, 0, 0, 1/16, 0, 0, 0, 1/16, 0, 0, 1/32, 0, 0, -135\
/2048, 0, 0, 0 ], [ 1/64, 0, 0, -1/64, 1/64, 0, 0, 1/64, -1/64, -1/64, -1/64, \
0, 0, 45/2048, 0, 0, 0 ], [ 1/64, 0, 0, 0, 0, 1/64, -1/64, 1/64, -1/64, 0, 0, \
-1/64, -1/64, 0, 45/2048, 0, 0 ], [ 0, 0, 0, 0, 0, 0, 1/16, 1/16, 0, 0, 0, 0, \
1/32, 0, -135/2048, 0, 0 ], [ 0, 0, 0, 0, 0, 0, 0, 1, 0, 0, 0, 0, 0, 0, 0, 0, \
0 ] ], [ [ 1/8, 0, 0, 0, 0, 0, 0, -1/8, 1/8, 0, 0, 0, 0, 0, 0, 0, 0 ], [ 1/64,\
 1/64, -1/64, 0, 0, 0, 0, -1/64, 1/64, 0, 0, 0, 0, 0, 0, 0, 0 ], [ 1/64, -1/64\
, 1/64, 0, 0, 0, 0, -1/64, 1/64, 0, 0, 0, 0, 0, 0, 0, 0 ], [ 1/64, 0, 0, 1/64,\
 -1/64, 0, 0, -1/64, 1/64, -1/64, -1/64, 0, 0, 45/2048, 0, 0, 0 ], [ 0, 0, 0, \
0, 1/16, 0, 0, 0, 1/16, 1/32, 0, 0, 0, -135/2048, 0, 0, 0 ], [ 0, 0, 0, 0, 0, \
1/16, 0, 0, 1/16, 0, 0, 1/32, 0, 0, -135/2048, 0, 0 ], [ 1/64, 0, 0, 0, 0, -1/\
64, 1/64, -1/64, 1/64, 0, 0, -1/64, -1/64, 0, 45/2048, 0, 0 ], [ -1/8, 0, 0, 0\
, 0, 0, 0, 1/8, 1/8, 0, 0, 0, 0, 0, 0, 0, 0 ], [ 0, 0, 0, 0, 0, 0, 0, 0, 1, 0,\
 0, 0, 0, 0, 0, 0, 0 ] ], [ [ 1/8, 0, 0, 0, 0, 0, 0, 0, 0, 1/8, -1/8, 0, 0, 0,\
 0, 0, 0 ], [ 0, 1/16, 0, 0, 0, 0, 0, 0, 0, 1/16, 0, 0, 1/32, 0, 0, -135/2048,\
 0 ], [ 1/64, -1/64, 1/64, 0, 0, 0, 0, 0, 0, 1/64, -1/64, -1/64, -1/64, 0, 0, \
45/2048, 0 ], [ 1/64, 0, 0, 1/64, -1/64, 0, 0, -1/64, -1/64, 1/64, -1/64, 0, 0\
, 45/2048, 0, 0, 0 ], [ 0, 0, 0, 0, 1/16, 0, 0, 0, 1/32, 1/16, 0, 0, 0, -135/2\
048, 0, 0, 0 ], [ 1/64, 0, 0, 0, 0, 1/64, -1/64, 0, 0, 1/64, -1/64, 0, 0, 0, 0\
, 0, 0 ], [ 1/64, 0, 0, 0, 0, -1/64, 1/64, 0, 0, 1/64, -1/64, 0, 0, 0, 0, 0, 0\
 ], [ 1/64, 0, 0, -1/64, -1/64, 0, 0, 1/64, -1/64, 1/64, -1/64, 0, 0, 45/2048,\
 0, 0, 0 ], [ 0, 0, 0, 0, 1/32, 0, 0, 0, 1/16, 1/16, 0, 0, 0, -135/2048, 0, 0,\
 0 ], [ 0, 0, 0, 0, 0, 0, 0, 0, 0, 1, 0, 0, 0, 0, 0, 0, 0 ] ], [ [ 1/8, 0, 0, \
0, 0, 0, 0, 0, 0, -1/8, 1/8, 0, 0, 0, 0, 0, 0 ], [ 1/64, 1/64, -1/64, 0, 0, 0,\
 0, 0, 0, -1/64, 1/64, -1/64, -1/64, 0, 0, 45/2048, 0 ], [ 0, 0, 1/16, 0, 0, 0\
, 0, 0, 0, 0, 1/16, 1/32, 0, 0, 0, -135/2048, 0 ], [ 0, 0, 0, 1/16, 0, 0, 0, 1\
/32, 0, 0, 1/16, 0, 0, -135/2048, 0, 0, 0 ], [ 1/64, 0, 0, -1/64, 1/64, 0, 0, \
-1/64, -1/64, -1/64, 1/64, 0, 0, 45/2048, 0, 0, 0 ], [ 1/64, 0, 0, 0, 0, 1/64,\
 -1/64, 0, 0, -1/64, 1/64, 0, 0, 0, 0, 0, 0 ], [ 1/64, 0, 0, 0, 0, -1/64, 1/64\
, 0, 0, -1/64, 1/64, 0, 0, 0, 0, 0, 0 ], [ 0, 0, 0, 1/32, 0, 0, 0, 1/16, 0, 0,\
 1/16, 0, 0, -135/2048, 0, 0, 0 ], [ 1/64, 0, 0, -1/64, -1/64, 0, 0, -1/64, 1/\
64, -1/64, 1/64, 0, 0, 45/2048, 0, 0, 0 ], [ -1/8, 0, 0, 0, 0, 0, 0, 0, 0, 1/8\
, 1/8, 0, 0, 0, 0, 0, 0 ], [ 0, 0, 0, 0, 0, 0, 0, 0, 0, 0, 1, 0, 0, 0, 0, 0, 0\
 ] ], [ [ 1/8, 0, 0, 0, 0, 0, 0, 0, 0, 0, 0, 1/8, -1/8, 0, 0, 0, 0 ], [ 1/64, \
1/64, -1/64, 0, 0, 0, 0, 0, 0, -1/64, -1/64, 1/64, -1/64, 0, 0, 45/2048, 0 ], \
[ 0, 0, 1/16, 0, 0, 0, 0, 0, 0, 0, 1/32, 1/16, 0, 0, 0, -135/2048, 0 ], [ 1/64\
, 0, 0, 1/64, -1/64, 0, 0, 0, 0, 0, 0, 1/64, -1/64, 0, 0, 0, 0 ], [ 1/64, 0, 0\
, -1/64, 1/64, 0, 0, 0, 0, 0, 0, 1/64, -1/64, 0, 0, 0, 0 ], [ 0, 0, 0, 0, 0, 1\
/16, 0, 0, 1/32, 0, 0, 1/16, 0, 0, -135/2048, 0, 0 ], [ 1/64, 0, 0, 0, 0, -1/6\
4, 1/64, -1/64, -1/64, 0, 0, 1/64, -1/64, 0, 45/2048, 0, 0 ], [ 1/64, 0, 0, 0,\
 0, -1/64, -1/64, 1/64, -1/64, 0, 0, 1/64, -1/64, 0, 45/2048, 0, 0 ], [ 0, 0, \
0, 0, 0, 1/32, 0, 0, 1/16, 0, 0, 1/16, 0, 0, -135/2048, 0, 0 ], [ 1/64, -1/64,\
 -1/64, 0, 0, 0, 0, 0, 0, 1/64, -1/64, 1/64, -1/64, 0, 0, 45/2048, 0 ], [ 0, 0\
, 1/32, 0, 0, 0, 0, 0, 0, 0, 1/16, 1/16, 0, 0, 0, -135/2048, 0 ], [ 0, 0, 0, 0\
, 0, 0, 0, 0, 0, 0, 0, 1, 0, 0, 0, 0, 0 ] ], [ [ 1/8, 0, 0, 0, 0, 0, 0, 0, 0, \
0, 0, -1/8, 1/8, 0, 0, 0, 0 ], [ 0, 1/16, 0, 0, 0, 0, 0, 0, 0, 1/32, 0, 0, 1/1\
6, 0, 0, -135/2048, 0 ], [ 1/64, -1/64, 1/64, 0, 0, 0, 0, 0, 0, -1/64, -1/64, \
-1/64, 1/64, 0, 0, 45/2048, 0 ], [ 1/64, 0, 0, 1/64, -1/64, 0, 0, 0, 0, 0, 0, \
-1/64, 1/64, 0, 0, 0, 0 ], [ 1/64, 0, 0, -1/64, 1/64, 0, 0, 0, 0, 0, 0, -1/64,\
 1/64, 0, 0, 0, 0 ], [ 1/64, 0, 0, 0, 0, 1/64, -1/64, -1/64, -1/64, 0, 0, -1/6\
4, 1/64, 0, 45/2048, 0, 0 ], [ 0, 0, 0, 0, 0, 0, 1/16, 1/32, 0, 0, 0, 0, 1/16,\
 0, -135/2048, 0, 0 ], [ 0, 0, 0, 0, 0, 0, 1/32, 1/16, 0, 0, 0, 0, 1/16, 0, -1\
35/2048, 0, 0 ], [ 1/64, 0, 0, 0, 0, -1/64, -1/64, -1/64, 1/64, 0, 0, -1/64, 1\
/64, 0, 45/2048, 0, 0 ], [ 0, 1/32, 0, 0, 0, 0, 0, 0, 0, 1/16, 0, 0, 1/16, 0, \
0, -135/2048, 0 ], [ 1/64, -1/64, -1/64, 0, 0, 0, 0, 0, 0, -1/64, 1/64, -1/64,\
 1/64, 0, 0, 45/2048, 0 ], [ -1/8, 0, 0, 0, 0, 0, 0, 0, 0, 0, 0, 1/8, 1/8, 0, \
0, 0, 0 ], [ 0, 0, 0, 0, 0, 0, 0, 0, 0, 0, 0, 0, 1, 0, 0, 0, 0 ] ], [ [ 0, 0, \
0, 0, 0, 0, 0, 0, 0, 0, 0, 0, 0, 0, 0, 0, 0 ], [ -1/90, 1/30, 1/90, 1/90, 0, 1\
/90, 0, 0, 0, 1/90, 0, 0, 1/90, 1/64, -1/64, -1/64, -1/64 ], [ -1/90, 1/90, 1/\
30, 0, 1/90, 0, 1/90, 0, 0, 0, 1/90, 1/90, 0, 1/64, -1/64, -1/64, -1/64 ], [ 0\
, 0, 0, 2/9, 0, 0, 0, -1/9, 0, 0, -1/9, 0, 0, 5/32, 0, 0, 0 ], [ 0, 0, 0, 0, 2\
/9, 0, 0, 0, -1/9, -1/9, 0, 0, 0, 5/32, 0, 0, 0 ], [ -1/90, 1/90, 0, 1/90, 0, \
1/30, 1/90, 0, 1/90, 0, 0, 1/90, 0, 1/64, -1/64, -1/64, -1/64 ], [ -1/90, 0, 1\
/90, 0, 1/90, 1/90, 1/30, 1/90, 0, 0, 0, 0, 1/90, 1/64, -1/64, -1/64, -1/64 ],\
 [ 0, 0, 0, -1/9, 0, 0, 0, 2/9, 0, 0, -1/9, 0, 0, 5/32, 0, 0, 0 ], [ 0, 0, 0, \
0, -1/9, 0, 0, 0, 2/9, -1/9, 0, 0, 0, 5/32, 0, 0, 0 ], [ 0, 0, 0, 0, -1/9, 0, \
0, 0, -1/9, 2/9, 0, 0, 0, 5/32, 0, 0, 0 ], [ 0, 0, 0, -1/9, 0, 0, 0, -1/9, 0, \
0, 2/9, 0, 0, 5/32, 0, 0, 0 ], [ -1/90, 0, 1/90, 0, 0, 1/90, 0, 0, 1/90, 0, 1/\
90, 1/30, 1/90, 1/64, -1/64, -1/64, -1/64 ], [ -1/90, 1/90, 0, 0, 0, 0, 1/90, \
1/90, 0, 1/90, 0, 1/90, 1/30, 1/64, -1/64, -1/64, -1/64 ], [ 0, 0, 0, 0, 0, 0,\
 0, 0, 0, 0, 0, 0, 0, 1, 0, 0, 0 ] ], [ [ 0, 0, 0, 0, 0, 0, 0, 0, 0, 0, 0, 0, \
0, 0, 0, 0, 0 ], [ -1/90, 1/30, 1/90, 1/90, 0, 1/90, 0, 0, 0, 1/90, 0, 0, 1/90\
, -1/64, 1/64, -1/64, -1/64 ], [ -1/90, 1/90, 1/30, 0, 1/90, 0, 1/90, 0, 0, 0,\
 1/90, 1/90, 0, -1/64, 1/64, -1/64, -1/64 ], [ -1/90, 1/90, 0, 1/30, 1/90, 1/9\
0, 0, 1/90, 0, 0, 1/90, 0, 0, -1/64, 1/64, -1/64, -1/64 ], [ -1/90, 0, 1/90, 1\
/90, 1/30, 0, 1/90, 0, 1/90, 1/90, 0, 0, 0, -1/64, 1/64, -1/64, -1/64 ], [ 0, \
0, 0, 0, 0, 2/9, 0, 0, -1/9, 0, 0, -1/9, 0, 0, 5/32, 0, 0 ], [ 0, 0, 0, 0, 0, \
0, 2/9, -1/9, 0, 0, 0, 0, -1/9, 0, 5/32, 0, 0 ], [ 0, 0, 0, 0, 0, 0, -1/9, 2/9\
, 0, 0, 0, 0, -1/9, 0, 5/32, 0, 0 ], [ 0, 0, 0, 0, 0, -1/9, 0, 0, 2/9, 0, 0, -\
1/9, 0, 0, 5/32, 0, 0 ], [ -1/90, 1/90, 0, 0, 1/90, 0, 0, 0, 1/90, 1/30, 1/90,\
 0, 1/90, -1/64, 1/64, -1/64, -1/64 ], [ -1/90, 0, 1/90, 1/90, 0, 0, 0, 1/90, \
0, 1/90, 1/30, 1/90, 0, -1/64, 1/64, -1/64, -1/64 ], [ 0, 0, 0, 0, 0, -1/9, 0,\
 0, -1/9, 0, 0, 2/9, 0, 0, 5/32, 0, 0 ], [ 0, 0, 0, 0, 0, 0, -1/9, -1/9, 0, 0,\
 0, 0, 2/9, 0, 5/32, 0, 0 ], [ 64/2025, -64/2025, -64/2025, -64/2025, -64/2025\
, -64/2025, -64/2025, 64/2025, 64/2025, -64/2025, -64/2025, -64/2025, -64/2025\
, 1/15, 1/15, 1/30, 1/30 ], [ 0, 0, 0, 0, 0, 0, 0, 0, 0, 0, 0, 0, 0, 0, 1, 0, \
0 ] ], [ [ 0, 0, 0, 0, 0, 0, 0, 0, 0, 0, 0, 0, 0, 0, 0, 0, 0 ], [ 0, 2/9, 0, 0\
, 0, 0, 0, 0, 0, -1/9, 0, 0, -1/9, 0, 0, 5/32, 0 ], [ 0, 0, 2/9, 0, 0, 0, 0, 0\
, 0, 0, -1/9, -1/9, 0, 0, 0, 5/32, 0 ], [ -1/90, 1/90, 0, 1/30, 1/90, 1/90, 0,\
 1/90, 0, 0, 1/90, 0, 0, -1/64, -1/64, 1/64, -1/64 ], [ -1/90, 0, 1/90, 1/90, \
1/30, 0, 1/90, 0, 1/90, 1/90, 0, 0, 0, -1/64, -1/64, 1/64, -1/64 ], [ -1/90, 1\
/90, 0, 1/90, 0, 1/30, 1/90, 0, 1/90, 0, 0, 1/90, 0, -1/64, -1/64, 1/64, -1/64\
 ], [ -1/90, 0, 1/90, 0, 1/90, 1/90, 1/30, 1/90, 0, 0, 0, 0, 1/90, -1/64, -1/6\
4, 1/64, -1/64 ], [ -1/90, 0, 0, 1/90, 0, 0, 1/90, 1/30, 1/90, 0, 1/90, 0, 1/9\
0, -1/64, -1/64, 1/64, -1/64 ], [ -1/90, 0, 0, 0, 1/90, 1/90, 0, 1/90, 1/30, 1\
/90, 0, 1/90, 0, -1/64, -1/64, 1/64, -1/64 ], [ 0, -1/9, 0, 0, 0, 0, 0, 0, 0, \
2/9, 0, 0, -1/9, 0, 0, 5/32, 0 ], [ 0, 0, -1/9, 0, 0, 0, 0, 0, 0, 0, 2/9, -1/9\
, 0, 0, 0, 5/32, 0 ], [ 0, 0, -1/9, 0, 0, 0, 0, 0, 0, 0, -1/9, 2/9, 0, 0, 0, 5\
/32, 0 ], [ 0, -1/9, 0, 0, 0, 0, 0, 0, 0, -1/9, 0, 0, 2/9, 0, 0, 5/32, 0 ], [ \
64/2025, -64/2025, -64/2025, -64/2025, -64/2025, -64/2025, -64/2025, -64/2025,\
 -64/2025, 64/2025, 64/2025, -64/2025, -64/2025, 1/15, 1/30, 1/15, 1/30 ], [ 6\
4/2025, -64/2025, -64/2025, -64/2025, -64/2025, -64/2025, -64/2025, -64/2025, \
-64/2025, -64/2025, -64/2025, 64/2025, 64/2025, 1/30, 1/15, 1/15, 1/30 ], [ 0,\
 0, 0, 0, 0, 0, 0, 0, 0, 0, 0, 0, 0, 0, 0, 1, 0 ] ], [ [ 0, 0, 0, 0, 0, 0, 0, \
0, 0, 0, 0, 0, 0, 0, 0, 0, 0 ], [ 0, 2/9, 0, -1/9, 0, -1/9, 0, 0, 0, 0, 0, 0, \
0, 0, 0, 0, 5/32 ], [ 0, 0, 2/9, 0, -1/9, 0, -1/9, 0, 0, 0, 0, 0, 0, 0, 0, 0, \
5/32 ], [ 0, -1/9, 0, 2/9, 0, -1/9, 0, 0, 0, 0, 0, 0, 0, 0, 0, 0, 5/32 ], [ 0,\
 0, -1/9, 0, 2/9, 0, -1/9, 0, 0, 0, 0, 0, 0, 0, 0, 0, 5/32 ], [ 0, -1/9, 0, -1\
/9, 0, 2/9, 0, 0, 0, 0, 0, 0, 0, 0, 0, 0, 5/32 ], [ 0, 0, -1/9, 0, -1/9, 0, 2/\
9, 0, 0, 0, 0, 0, 0, 0, 0, 0, 5/32 ], [ -1/90, 0, 0, 1/90, 0, 0, 1/90, 1/30, 1\
/90, 0, 1/90, 0, 1/90, -1/64, -1/64, -1/64, 1/64 ], [ -1/90, 0, 0, 0, 1/90, 1/\
90, 0, 1/90, 1/30, 1/90, 0, 1/90, 0, -1/64, -1/64, -1/64, 1/64 ], [ -1/90, 1/9\
0, 0, 0, 1/90, 0, 0, 0, 1/90, 1/30, 1/90, 0, 1/90, -1/64, -1/64, -1/64, 1/64 ]\
, [ -1/90, 0, 1/90, 1/90, 0, 0, 0, 1/90, 0, 1/90, 1/30, 1/90, 0, -1/64, -1/64,\
 -1/64, 1/64 ], [ -1/90, 0, 1/90, 0, 0, 1/90, 0, 0, 1/90, 0, 1/90, 1/30, 1/90,\
 -1/64, -1/64, -1/64, 1/64 ], [ -1/90, 1/90, 0, 0, 0, 0, 1/90, 1/90, 0, 1/90, \
0, 1/90, 1/30, -1/64, -1/64, -1/64, 1/64 ], [ 64/2025, -64/2025, -64/2025, 64/\
2025, 64/2025, -64/2025, -64/2025, -64/2025, -64/2025, -64/2025, -64/2025, -64\
/2025, -64/2025, 1/15, 1/30, 1/30, 1/15 ], [ 64/2025, -64/2025, -64/2025, -64/\
2025, -64/2025, 64/2025, 64/2025, -64/2025, -64/2025, -64/2025, -64/2025, -64/\
2025, -64/2025, 1/30, 1/15, 1/30, 1/15 ], [ 64/2025, 64/2025, 64/2025, -64/202\
5, -64/2025, -64/2025, -64/2025, -64/2025, -64/2025, -64/2025, -64/2025, -64/2\
025, -64/2025, 1/30, 1/30, 1/15, 1/15 ], [ 0, 0, 0, 0, 0, 0, 0, 0, 0, 0, 0, 0,\
 0, 0, 0, 0, 1 ] ] ]
),
	[ [ (6,7)(8,11)(9,13)(10,12), [ 1, 0, 0, 0, 0, 0, 0, 0, 0, 0, 0, 0, 0, 0, 0, \
0, 0 ] ], [ (3,4)(8,11)(9,12)(10,13), [ 0, 1, 0, 0, 0, 0, 0, 0, 0, 0, 0, 0, 0,\
 0, 0, 0, 0 ] ], [ (3,4)(6,7)(9,10)(12,13), [ 0, 0, 1, 0, 0, 0, 0, 0, 0, 0, 0,\
 0, 0, 0, 0, 0, 0 ] ], [ (2,3)(8,13)(9,11)(10,12), [ 0, 0, 0, 1, 0, 0, 0, 0, 0\
, 0, 0, 0, 0, 0, 0, 0, 0 ] ], [ (2,3)(6,7)(8,9)(11,13), [ 0, 0, 0, 0, 1, 0, 0,\
 0, 0, 0, 0, 0, 0, 0, 0, 0, 0 ] ], [ (2,3,4)(8,9,10)(11,13,12), [ 0, 0, 0, 0, \
0, 0, 0, 0, 0, 0, 0, 0, 0, 0, 0, 0, 1 ] ], [ (2,4,3)(8,10,9)(11,12,13), [ 0, 0\
, 0, 0, 0, 0, 0, 0, 0, 0, 0, 0, 0, 0, 0, 0, 1 ] ], [ (2,4)(8,12)(9,13)(10,11),\
 [ 0, 0, 0, 0, 0, 1, 0, 0, 0, 0, 0, 0, 0, 0, 0, 0, 0 ] ], [ (2,4)(6,7)(8,10)(1\
1,12), [ 0, 0, 0, 0, 0, 0, 1, 0, 0, 0, 0, 0, 0, 0, 0, 0, 0 ] ], [ (1,2)(6,8)(7\
,11)(10,12), [ 0, 0, 0, 0, 0, 0, 0, 1, 0, 0, 0, 0, 0, 0, 0, 0, 0 ] ], [ (1,2)(\
6,11)(7,8)(9,13), [ 0, 0, 0, 0, 0, 0, 0, 0, 1, 0, 0, 0, 0, 0, 0, 0, 0 ] ], [ (\
1,2,3)(6,8,13)(7,11,9), [ 0, 0, 0, 0, 0, 0, 0, 0, 0, 0, 0, 0, 0, 1, 0, 0, 0 ] \
], [ (1,2,4)(6,11,10)(7,8,12), [ 0, 0, 0, 0, 0, 0, 0, 0, 0, 0, 0, 0, 0, 0, 1, \
0, 0 ] ], [ (1,3,2)(6,13,8)(7,9,11), [ 0, 0, 0, 0, 0, 0, 0, 0, 0, 0, 0, 0, 0, \
1, 0, 0, 0 ] ], [ (1,3)(6,9)(7,13)(8,11), [ 0, 0, 0, 0, 0, 0, 0, 0, 0, 1, 0, 0\
, 0, 0, 0, 0, 0 ] ], [ (1,3)(6,13)(7,9)(10,12), [ 0, 0, 0, 0, 0, 0, 0, 0, 0, 0\
, 1, 0, 0, 0, 0, 0, 0 ] ], [ (1,3,4)(6,9,12)(7,13,10), [ 0, 0, 0, 0, 0, 0, 0, \
0, 0, 0, 0, 0, 0, 0, 0, 1, 0 ] ], [ (1,4,2)(6,10,11)(7,12,8), [ 0, 0, 0, 0, 0,\
 0, 0, 0, 0, 0, 0, 0, 0, 0, 1, 0, 0 ] ], [ (1,4,3)(6,12,9)(7,10,13), [ 0, 0, 0\
, 0, 0, 0, 0, 0, 0, 0, 0, 0, 0, 0, 0, 1, 0 ] ], [ (1,4)(6,10)(7,12)(9,13), [ 0\
, 0, 0, 0, 0, 0, 0, 0, 0, 0, 0, 1, 0, 0, 0, 0, 0 ] ], [ (1,4)(6,12)(7,10)(8,11\
), [ 0, 0, 0, 0, 0, 0, 0, 0, 0, 0, 0, 0, 1, 0, 0, 0, 0 ] ] ],
	[ (6,7)(8,11)(9,13)(10,12), (3,4)(8,11)(9,12)(10,13), (3,4)(6,7)(9,10)(12,13)\
, (2,3)(8,13)(9,11)(10,12), (2,3)(6,7)(8,9)(11,13), (2,4)(8,12)(9,13)(10,11), \
(2,4)(6,7)(8,10)(11,12), (1,2)(6,8)(7,11)(10,12), (1,2)(6,11)(7,8)(9,13), (1,3\
)(6,9)(7,13)(8,11), (1,3)(6,13)(7,9)(10,12), (1,4)(6,10)(7,12)(9,13), (1,4)(6,\
12)(7,10)(8,11), (1,3,2)(6,13,8)(7,9,11), (1,2,4)(6,11,10)(7,8,12), (1,4,3)(6,\
12,9)(7,10,13), (2,3,4)(8,9,10)(11,13,12) ]
)
];