return [
AxialRep(
	Fusion(1/2,[ 1, 0, 1/4, 1/32 ],
	[ [ [ 1 ], [ 0 ], [ 1/4 ], [ 1/32 ] ], [ [ 0 ], [ 0 ], [ 1/4 ], [ 1/32 ] ], [\
 [ 1/4 ], [ 1/4 ], [ 0, 1 ], [ 1/32 ] ], [ [ 1/32 ], [ 1/32 ], [ 1/32 ], [ 0, \
1/4, 1 ] ] ],
	"vir-4-3"
),
	TrgpNC(
	Group( [ (1,2,3,4), (1,2) ] ),
	[ (1,2) ],
	[ [ 3, "C" ], [ 2, "A" ] ]
),
	Alg(
	GF(23)^9,
	[ [ [ 1, 0, 0, 0, 0, 0, 0, 0, 0 ] ], [ [ 1/64, 1/64, -1/64, 0, 0, 0, 0, 0, 0 \
], [ 0, 1, 0, 0, 0, 0, 0, 0, 0 ] ], [ [ 1/64, -1/64, 1/64, 0, 0, 0, 0, 0, 0 ],\
 [ -1/64, 1/64, 1/64, 0, 0, 0, 0, 0, 0 ], [ 0, 0, 1, 0, 0, 0, 0, 0, 0 ] ], [ [\
 0, 0, 0, 0, 0, 0, 1, 0, 0 ], [ 0, 1/64, 0, 1/64, -1/64, 0, 0, 0, 0 ], [ 0, 0,\
 1/64, 1/64, 0, -1/64, 0, 0, 0 ], [ 0, 0, 0, 1, 0, 0, 0, 0, 0 ] ], [ [ 1/64, 0\
, 0, 0, 1/64, -1/64, 0, 0, 0 ], [ 0, 1/64, 0, -1/64, 1/64, 0, 0, 0, 0 ], [ 0, \
0, 0, 0, 0, 0, 0, 1, 0 ], [ 0, -1/64, 0, 1/64, 1/64, 0, 0, 0, 0 ], [ 0, 0, 0, \
0, 1, 0, 0, 0, 0 ] ], [ [ 1/64, 0, 0, 0, -1/64, 1/64, 0, 0, 0 ], [ 0, 0, 0, 0,\
 0, 0, 0, 0, 1 ], [ 0, 0, 1/64, -1/64, 0, 1/64, 0, 0, 0 ], [ 0, 0, -1/64, 1/64\
, 0, 1/64, 0, 0, 0 ], [ -1/64, 0, 0, 0, 1/64, 1/64, 0, 0, 0 ], [ 0, 0, 0, 0, 0\
, 1, 0, 0, 0 ] ], [ [ 3/32, 0, 0, 0, 0, 0, 1/4, 0, 0 ], [ 0, 0, 0, 0, 0, 0, 1/\
64, -1/64, 1/64 ], [ 0, 0, 0, 0, 0, 0, 1/64, 1/64, -1/64 ], [ 0, 0, 0, 3/32, 0\
, 0, 1/4, 0, 0 ], [ 0, 0, 0, 0, 0, 0, 1/64, 1/64, -1/64 ], [ 0, 0, 0, 0, 0, 0,\
 1/64, -1/64, 1/64 ], [ 3/128, 0, 0, 3/128, 0, 0, -1/32, 0, 0 ] ], [ [ 0, 0, 0\
, 0, 0, 0, 1/64, 1/64, -1/64 ], [ 0, 0, 0, 0, 0, 0, -1/64, 1/64, 1/64 ], [ 0, \
0, 3/32, 0, 0, 0, 0, 1/4, 0 ], [ 0, 0, 0, 0, 0, 0, 1/64, 1/64, -1/64 ], [ 0, 0\
, 0, 0, 3/32, 0, 0, 1/4, 0 ], [ 0, 0, 0, 0, 0, 0, -1/64, 1/64, 1/64 ], [ 3/204\
8, -3/2048, 3/2048, 3/2048, 3/2048, -3/2048, -1/128, -1/128, 1/128 ], [ 0, 0, \
3/128, 0, 3/128, 0, 0, -1/32, 0 ] ], [ [ 0, 0, 0, 0, 0, 0, 1/64, -1/64, 1/64 ]\
, [ 0, 3/32, 0, 0, 0, 0, 0, 0, 1/4 ], [ 0, 0, 0, 0, 0, 0, -1/64, 1/64, 1/64 ],\
 [ 0, 0, 0, 0, 0, 0, 1/64, -1/64, 1/64 ], [ 0, 0, 0, 0, 0, 0, -1/64, 1/64, 1/6\
4 ], [ 0, 0, 0, 0, 0, 3/32, 0, 0, 1/4 ], [ 3/2048, 3/2048, -3/2048, 3/2048, -3\
/2048, 3/2048, -1/128, 1/128, -1/128 ], [ -3/2048, 3/2048, 3/2048, -3/2048, 3/\
2048, 3/2048, 1/128, -1/128, -1/128 ], [ 0, 3/128, 0, 0, 0, 3/128, 0, 0, -1/32\
 ] ] ]
),
	[ [ (3,4), [ 1, 0, 0, 0, 0, 0, 0, 0, 0 ] ], [ (2,3), [ 0, 1, 0, 0, 0, 0, 0, 0\
, 0 ] ], [ (2,4), [ 0, 0, 1, 0, 0, 0, 0, 0, 0 ] ], [ (1,2), [ 0, 0, 0, 1, 0, 0\
, 0, 0, 0 ] ], [ (1,3), [ 0, 0, 0, 0, 1, 0, 0, 0, 0 ] ], [ (1,4), [ 0, 0, 0, 0\
, 0, 1, 0, 0, 0 ] ] ],
	[ (3,4), (2,3), (2,4), (1,2), (1,3), (1,4), [ (3,4), (1,2) ], [ (2,4), (1,3) \
], [ (2,3), (1,4) ] ]
),

AxialRep(
	Fusion(1/2,[ 1, 0, 1/4, 1/32 ],
	[ [ [ 1 ], [ 0 ], [ 1/4 ], [ 1/32 ] ], [ [ 0 ], [ 0 ], [ 1/4 ], [ 1/32 ] ], [\
 [ 1/4 ], [ 1/4 ], [ 0, 1 ], [ 1/32 ] ], [ [ 1/32 ], [ 1/32 ], [ 1/32 ], [ 0, \
1/4, 1 ] ] ],
	"vir-4-3"
),
	TrgpNC(
	Group( [ (1,2,3,4), (1,2) ] ),
	[ (1,2) ],
	[ [ 3, "C" ], [ 2, "B" ] ]
),
	Alg(
	GF(23)^6,
	[ [ [ 1, 0, 0, 0, 0, 0 ] ], [ [ 1/64, 1/64, -1/64, 0, 0, 0 ], [ 0, 1, 0, 0, 0\
, 0 ] ], [ [ 1/64, -1/64, 1/64, 0, 0, 0 ], [ -1/64, 1/64, 1/64, 0, 0, 0 ], [ 0\
, 0, 1, 0, 0, 0 ] ], [ [ 0, 0, 0, 0, 0, 0 ], [ 0, 1/64, 0, 1/64, -1/64, 0 ], [\
 0, 0, 1/64, 1/64, 0, -1/64 ], [ 0, 0, 0, 1, 0, 0 ] ], [ [ 1/64, 0, 0, 0, 1/64\
, -1/64 ], [ 0, 1/64, 0, -1/64, 1/64, 0 ], [ 0, 0, 0, 0, 0, 0 ], [ 0, -1/64, 0\
, 1/64, 1/64, 0 ], [ 0, 0, 0, 0, 1, 0 ] ], [ [ 1/64, 0, 0, 0, -1/64, 1/64 ], [\
 0, 0, 0, 0, 0, 0 ], [ 0, 0, 1/64, -1/64, 0, 1/64 ], [ 0, 0, -1/64, 1/64, 0, 1\
/64 ], [ -1/64, 0, 0, 0, 1/64, 1/64 ], [ 0, 0, 0, 0, 0, 1 ] ] ]
),
	[ [ (3,4), [ 1, 0, 0, 0, 0, 0 ] ], [ (2,3), [ 0, 1, 0, 0, 0, 0 ] ], [ (2,4), \
[ 0, 0, 1, 0, 0, 0 ] ], [ (1,2), [ 0, 0, 0, 1, 0, 0 ] ], [ (1,3), [ 0, 0, 0, 0\
, 1, 0 ] ], [ (1,4), [ 0, 0, 0, 0, 0, 1 ] ] ],
	[ (3,4), (2,3), (2,4), (1,2), (1,3), (1,4) ]
)
];