return [
AxialRep(
	VirasoroFusion(4,3),
	TrgpNC(
	Group( [ (1,2), (2,3), (3,4), (4,5) ] ),
	[ (1,2) ],
	[ [ [ (4,5), (3,4) ], [ 3, "C" ] ], [ [ (4,5), (2,3) ], [ 2, "B" ] ] ]
),
	Alg(
	Rationals^10,
	[ [ [ 1, 0, 0, 0, 0, 0, 0, 0, 0, 0 ] ], [ [ 1/64, 1/64, -1/64, 0, 0, 0, 0, 0, 0, 0 ], [ 0, 1, 0, 0, 0, 0, 0, 0, 0, 0 ] ], [ [ 1/64, -1/64\
, 1/64, 0, 0, 0, 0, 0, 0, 0 ], [ -1/64, 1/64, 1/64, 0, 0, 0, 0, 0, 0, 0 ], [ 0, 0, 1, 0, 0, 0, 0, 0, 0, 0 ] ], [ [ 0, 0, 0, 0, 0, 0, 0, 0,\
 0, 0 ], [ 0, 1/64, 0, 1/64, -1/64, 0, 0, 0, 0, 0 ], [ 0, 0, 1/64, 1/64, 0, -1/64, 0, 0, 0, 0 ], [ 0, 0, 0, 1, 0, 0, 0, 0, 0, 0 ] ], [ [ 1\
/64, 0, 0, 0, 1/64, -1/64, 0, 0, 0, 0 ], [ 0, 1/64, 0, -1/64, 1/64, 0, 0, 0, 0, 0 ], [ 0, 0, 0, 0, 0, 0, 0, 0, 0, 0 ], [ 0, -1/64, 0, 1/64\
, 1/64, 0, 0, 0, 0, 0 ], [ 0, 0, 0, 0, 1, 0, 0, 0, 0, 0 ] ], [ [ 1/64, 0, 0, 0, -1/64, 1/64, 0, 0, 0, 0 ], [ 0, 0, 0, 0, 0, 0, 0, 0, 0, 0 \
], [ 0, 0, 1/64, -1/64, 0, 1/64, 0, 0, 0, 0 ], [ 0, 0, -1/64, 1/64, 0, 1/64, 0, 0, 0, 0 ], [ -1/64, 0, 0, 0, 1/64, 1/64, 0, 0, 0, 0 ], [ 0\
, 0, 0, 0, 0, 1, 0, 0, 0, 0 ] ], [ [ 0, 0, 0, 0, 0, 0, 0, 0, 0, 0 ], [ 0, 0, 0, 0, 0, 0, 0, 0, 0, 0 ], [ 0, 0, 0, 0, 0, 0, 0, 0, 0, 0 ], [\
 0, 0, 0, 1/64, 0, 0, 1/64, -1/64, 0, 0 ], [ 0, 0, 0, 0, 1/64, 0, 1/64, 0, -1/64, 0 ], [ 0, 0, 0, 0, 0, 1/64, 1/64, 0, 0, -1/64 ], [ 0, 0,\
 0, 0, 0, 0, 1, 0, 0, 0 ] ], [ [ 0, 0, 0, 0, 0, 0, 0, 0, 0, 0 ], [ 0, 1/64, 0, 0, 0, 0, 0, 1/64, -1/64, 0 ], [ 0, 0, 1/64, 0, 0, 0, 0, 1/6\
4, 0, -1/64 ], [ 0, 0, 0, 1/64, 0, 0, -1/64, 1/64, 0, 0 ], [ 0, 0, 0, 0, 0, 0, 0, 0, 0, 0 ], [ 0, 0, 0, 0, 0, 0, 0, 0, 0, 0 ], [ 0, 0, 0, \
-1/64, 0, 0, 1/64, 1/64, 0, 0 ], [ 0, 0, 0, 0, 0, 0, 0, 1, 0, 0 ] ], [ [ 1/64, 0, 0, 0, 0, 0, 0, 0, 1/64, -1/64 ], [ 0, 1/64, 0, 0, 0, 0, \
0, -1/64, 1/64, 0 ], [ 0, 0, 0, 0, 0, 0, 0, 0, 0, 0 ], [ 0, 0, 0, 0, 0, 0, 0, 0, 0, 0 ], [ 0, 0, 0, 0, 1/64, 0, -1/64, 0, 1/64, 0 ], [ 0, \
0, 0, 0, 0, 0, 0, 0, 0, 0 ], [ 0, 0, 0, 0, -1/64, 0, 1/64, 0, 1/64, 0 ], [ 0, -1/64, 0, 0, 0, 0, 0, 1/64, 1/64, 0 ], [ 0, 0, 0, 0, 0, 0, 0\
, 0, 1, 0 ] ], [ [ 1/64, 0, 0, 0, 0, 0, 0, 0, -1/64, 1/64 ], [ 0, 0, 0, 0, 0, 0, 0, 0, 0, 0 ], [ 0, 0, 1/64, 0, 0, 0, 0, -1/64, 0, 1/64 ],\
 [ 0, 0, 0, 0, 0, 0, 0, 0, 0, 0 ], [ 0, 0, 0, 0, 0, 0, 0, 0, 0, 0 ], [ 0, 0, 0, 0, 0, 1/64, -1/64, 0, 0, 1/64 ], [ 0, 0, 0, 0, 0, -1/64, 1\
/64, 0, 0, 1/64 ], [ 0, 0, -1/64, 0, 0, 0, 0, 1/64, 0, 1/64 ], [ -1/64, 0, 0, 0, 0, 0, 0, 0, 1/64, 1/64 ], [ 0, 0, 0, 0, 0, 0, 0, 0, 0, 1 \
] ] ]
),
	[ [ (4,5), [ 1, 0, 0, 0, 0, 0, 0, 0, 0, 0 ] ], [ (3,4), [ 0, 1, 0, 0, 0, 0, 0, 0, 0, 0 ] ], [ (3,5), [ 0, 0, 1, 0, 0, 0, 0, 0, 0, 0 ] ], \
[ (2,3), [ 0, 0, 0, 1, 0, 0, 0, 0, 0, 0 ] ], [ (2,4), [ 0, 0, 0, 0, 1, 0, 0, 0, 0, 0 ] ], [ (2,5), [ 0, 0, 0, 0, 0, 1, 0, 0, 0, 0 ] ], [ (\
1,2), [ 0, 0, 0, 0, 0, 0, 1, 0, 0, 0 ] ], [ (1,3), [ 0, 0, 0, 0, 0, 0, 0, 1, 0, 0 ] ], [ (1,4), [ 0, 0, 0, 0, 0, 0, 0, 0, 1, 0 ] ], [ (1,5\
), [ 0, 0, 0, 0, 0, 0, 0, 0, 0, 1 ] ] ],
	[ (4,5), (3,4), (3,5), (2,3), (2,4), (2,5), (1,2), (1,3), (1,4), (1,5) ]
)
];