return [
AxialRep(
	VirasoroFusion(4,3),
	TrgpNC(
	Group( [ (1,2,3,4,5,6), (1,2) ] ),
	[ (1,2) ],
	[ [ [ (1,2), (1,3) ], [ 3, "C" ] ], [ [ (5,6), (3,4) ], [ 2, "B" ] ] ]
),
	Alg(
	Rationals^15,
	[ [ [ 1, 0, 0, 0, 0, 0, 0, 0, 0, 0, 0, 0, 0, 0, 0 ] ], [ [ 1/64, 1/64, -1/64,\
 0, 0, 0, 0, 0, 0, 0, 0, 0, 0, 0, 0 ], [ 0, 1, 0, 0, 0, 0, 0, 0, 0, 0, 0, 0, 0\
, 0, 0 ] ], [ [ 1/64, -1/64, 1/64, 0, 0, 0, 0, 0, 0, 0, 0, 0, 0, 0, 0 ], [ -1/\
64, 1/64, 1/64, 0, 0, 0, 0, 0, 0, 0, 0, 0, 0, 0, 0 ], [ 0, 0, 1, 0, 0, 0, 0, 0\
, 0, 0, 0, 0, 0, 0, 0 ] ], [ [ 0, 0, 0, 0, 0, 0, 0, 0, 0, 0, 0, 0, 0, 0, 0 ], \
[ 0, 1/64, 0, 1/64, -1/64, 0, 0, 0, 0, 0, 0, 0, 0, 0, 0 ], [ 0, 0, 1/64, 1/64,\
 0, -1/64, 0, 0, 0, 0, 0, 0, 0, 0, 0 ], [ 0, 0, 0, 1, 0, 0, 0, 0, 0, 0, 0, 0, \
0, 0, 0 ] ], [ [ 1/64, 0, 0, 0, 1/64, -1/64, 0, 0, 0, 0, 0, 0, 0, 0, 0 ], [ 0,\
 1/64, 0, -1/64, 1/64, 0, 0, 0, 0, 0, 0, 0, 0, 0, 0 ], [ 0, 0, 0, 0, 0, 0, 0, \
0, 0, 0, 0, 0, 0, 0, 0 ], [ 0, -1/64, 0, 1/64, 1/64, 0, 0, 0, 0, 0, 0, 0, 0, 0\
, 0 ], [ 0, 0, 0, 0, 1, 0, 0, 0, 0, 0, 0, 0, 0, 0, 0 ] ], [ [ 1/64, 0, 0, 0, -\
1/64, 1/64, 0, 0, 0, 0, 0, 0, 0, 0, 0 ], [ 0, 0, 0, 0, 0, 0, 0, 0, 0, 0, 0, 0,\
 0, 0, 0 ], [ 0, 0, 1/64, -1/64, 0, 1/64, 0, 0, 0, 0, 0, 0, 0, 0, 0 ], [ 0, 0,\
 -1/64, 1/64, 0, 1/64, 0, 0, 0, 0, 0, 0, 0, 0, 0 ], [ -1/64, 0, 0, 0, 1/64, 1/\
64, 0, 0, 0, 0, 0, 0, 0, 0, 0 ], [ 0, 0, 0, 0, 0, 1, 0, 0, 0, 0, 0, 0, 0, 0, 0\
 ] ], [ [ 0, 0, 0, 0, 0, 0, 0, 0, 0, 0, 0, 0, 0, 0, 0 ], [ 0, 0, 0, 0, 0, 0, 0\
, 0, 0, 0, 0, 0, 0, 0, 0 ], [ 0, 0, 0, 0, 0, 0, 0, 0, 0, 0, 0, 0, 0, 0, 0 ], [\
 0, 0, 0, 1/64, 0, 0, 1/64, -1/64, 0, 0, 0, 0, 0, 0, 0 ], [ 0, 0, 0, 0, 1/64, \
0, 1/64, 0, -1/64, 0, 0, 0, 0, 0, 0 ], [ 0, 0, 0, 0, 0, 1/64, 1/64, 0, 0, -1/6\
4, 0, 0, 0, 0, 0 ], [ 0, 0, 0, 0, 0, 0, 1, 0, 0, 0, 0, 0, 0, 0, 0 ] ], [ [ 0, \
0, 0, 0, 0, 0, 0, 0, 0, 0, 0, 0, 0, 0, 0 ], [ 0, 1/64, 0, 0, 0, 0, 0, 1/64, -1\
/64, 0, 0, 0, 0, 0, 0 ], [ 0, 0, 1/64, 0, 0, 0, 0, 1/64, 0, -1/64, 0, 0, 0, 0,\
 0 ], [ 0, 0, 0, 1/64, 0, 0, -1/64, 1/64, 0, 0, 0, 0, 0, 0, 0 ], [ 0, 0, 0, 0,\
 0, 0, 0, 0, 0, 0, 0, 0, 0, 0, 0 ], [ 0, 0, 0, 0, 0, 0, 0, 0, 0, 0, 0, 0, 0, 0\
, 0 ], [ 0, 0, 0, -1/64, 0, 0, 1/64, 1/64, 0, 0, 0, 0, 0, 0, 0 ], [ 0, 0, 0, 0\
, 0, 0, 0, 1, 0, 0, 0, 0, 0, 0, 0 ] ], [ [ 1/64, 0, 0, 0, 0, 0, 0, 0, 1/64, -1\
/64, 0, 0, 0, 0, 0 ], [ 0, 1/64, 0, 0, 0, 0, 0, -1/64, 1/64, 0, 0, 0, 0, 0, 0 \
], [ 0, 0, 0, 0, 0, 0, 0, 0, 0, 0, 0, 0, 0, 0, 0 ], [ 0, 0, 0, 0, 0, 0, 0, 0, \
0, 0, 0, 0, 0, 0, 0 ], [ 0, 0, 0, 0, 1/64, 0, -1/64, 0, 1/64, 0, 0, 0, 0, 0, 0\
 ], [ 0, 0, 0, 0, 0, 0, 0, 0, 0, 0, 0, 0, 0, 0, 0 ], [ 0, 0, 0, 0, -1/64, 0, 1\
/64, 0, 1/64, 0, 0, 0, 0, 0, 0 ], [ 0, -1/64, 0, 0, 0, 0, 0, 1/64, 1/64, 0, 0,\
 0, 0, 0, 0 ], [ 0, 0, 0, 0, 0, 0, 0, 0, 1, 0, 0, 0, 0, 0, 0 ] ], [ [ 1/64, 0,\
 0, 0, 0, 0, 0, 0, -1/64, 1/64, 0, 0, 0, 0, 0 ], [ 0, 0, 0, 0, 0, 0, 0, 0, 0, \
0, 0, 0, 0, 0, 0 ], [ 0, 0, 1/64, 0, 0, 0, 0, -1/64, 0, 1/64, 0, 0, 0, 0, 0 ],\
 [ 0, 0, 0, 0, 0, 0, 0, 0, 0, 0, 0, 0, 0, 0, 0 ], [ 0, 0, 0, 0, 0, 0, 0, 0, 0,\
 0, 0, 0, 0, 0, 0 ], [ 0, 0, 0, 0, 0, 1/64, -1/64, 0, 0, 1/64, 0, 0, 0, 0, 0 ]\
, [ 0, 0, 0, 0, 0, -1/64, 1/64, 0, 0, 1/64, 0, 0, 0, 0, 0 ], [ 0, 0, -1/64, 0,\
 0, 0, 0, 1/64, 0, 1/64, 0, 0, 0, 0, 0 ], [ -1/64, 0, 0, 0, 0, 0, 0, 0, 1/64, \
1/64, 0, 0, 0, 0, 0 ], [ 0, 0, 0, 0, 0, 0, 0, 0, 0, 1, 0, 0, 0, 0, 0 ] ], [ [ \
0, 0, 0, 0, 0, 0, 0, 0, 0, 0, 0, 0, 0, 0, 0 ], [ 0, 0, 0, 0, 0, 0, 0, 0, 0, 0,\
 0, 0, 0, 0, 0 ], [ 0, 0, 0, 0, 0, 0, 0, 0, 0, 0, 0, 0, 0, 0, 0 ], [ 0, 0, 0, \
0, 0, 0, 0, 0, 0, 0, 0, 0, 0, 0, 0 ], [ 0, 0, 0, 0, 0, 0, 0, 0, 0, 0, 0, 0, 0,\
 0, 0 ], [ 0, 0, 0, 0, 0, 0, 0, 0, 0, 0, 0, 0, 0, 0, 0 ], [ 0, 0, 0, 0, 0, 0, \
1/64, 0, 0, 0, 1/64, -1/64, 0, 0, 0 ], [ 0, 0, 0, 0, 0, 0, 0, 1/64, 0, 0, 1/64\
, 0, -1/64, 0, 0 ], [ 0, 0, 0, 0, 0, 0, 0, 0, 1/64, 0, 1/64, 0, 0, -1/64, 0 ],\
 [ 0, 0, 0, 0, 0, 0, 0, 0, 0, 1/64, 1/64, 0, 0, 0, -1/64 ], [ 0, 0, 0, 0, 0, 0\
, 0, 0, 0, 0, 1, 0, 0, 0, 0 ] ], [ [ 0, 0, 0, 0, 0, 0, 0, 0, 0, 0, 0, 0, 0, 0,\
 0 ], [ 0, 0, 0, 0, 0, 0, 0, 0, 0, 0, 0, 0, 0, 0, 0 ], [ 0, 0, 0, 0, 0, 0, 0, \
0, 0, 0, 0, 0, 0, 0, 0 ], [ 0, 0, 0, 1/64, 0, 0, 0, 0, 0, 0, 0, 1/64, -1/64, 0\
, 0 ], [ 0, 0, 0, 0, 1/64, 0, 0, 0, 0, 0, 0, 1/64, 0, -1/64, 0 ], [ 0, 0, 0, 0\
, 0, 1/64, 0, 0, 0, 0, 0, 1/64, 0, 0, -1/64 ], [ 0, 0, 0, 0, 0, 0, 1/64, 0, 0,\
 0, -1/64, 1/64, 0, 0, 0 ], [ 0, 0, 0, 0, 0, 0, 0, 0, 0, 0, 0, 0, 0, 0, 0 ], [\
 0, 0, 0, 0, 0, 0, 0, 0, 0, 0, 0, 0, 0, 0, 0 ], [ 0, 0, 0, 0, 0, 0, 0, 0, 0, 0\
, 0, 0, 0, 0, 0 ], [ 0, 0, 0, 0, 0, 0, -1/64, 0, 0, 0, 1/64, 1/64, 0, 0, 0 ], \
[ 0, 0, 0, 0, 0, 0, 0, 0, 0, 0, 0, 1, 0, 0, 0 ] ], [ [ 0, 0, 0, 0, 0, 0, 0, 0,\
 0, 0, 0, 0, 0, 0, 0 ], [ 0, 1/64, 0, 0, 0, 0, 0, 0, 0, 0, 0, 0, 1/64, -1/64, \
0 ], [ 0, 0, 1/64, 0, 0, 0, 0, 0, 0, 0, 0, 0, 1/64, 0, -1/64 ], [ 0, 0, 0, 1/6\
4, 0, 0, 0, 0, 0, 0, 0, -1/64, 1/64, 0, 0 ], [ 0, 0, 0, 0, 0, 0, 0, 0, 0, 0, 0\
, 0, 0, 0, 0 ], [ 0, 0, 0, 0, 0, 0, 0, 0, 0, 0, 0, 0, 0, 0, 0 ], [ 0, 0, 0, 0,\
 0, 0, 0, 0, 0, 0, 0, 0, 0, 0, 0 ], [ 0, 0, 0, 0, 0, 0, 0, 1/64, 0, 0, -1/64, \
0, 1/64, 0, 0 ], [ 0, 0, 0, 0, 0, 0, 0, 0, 0, 0, 0, 0, 0, 0, 0 ], [ 0, 0, 0, 0\
, 0, 0, 0, 0, 0, 0, 0, 0, 0, 0, 0 ], [ 0, 0, 0, 0, 0, 0, 0, -1/64, 0, 0, 1/64,\
 0, 1/64, 0, 0 ], [ 0, 0, 0, -1/64, 0, 0, 0, 0, 0, 0, 0, 1/64, 1/64, 0, 0 ], [\
 0, 0, 0, 0, 0, 0, 0, 0, 0, 0, 0, 0, 1, 0, 0 ] ], [ [ 1/64, 0, 0, 0, 0, 0, 0, \
0, 0, 0, 0, 0, 0, 1/64, -1/64 ], [ 0, 1/64, 0, 0, 0, 0, 0, 0, 0, 0, 0, 0, -1/6\
4, 1/64, 0 ], [ 0, 0, 0, 0, 0, 0, 0, 0, 0, 0, 0, 0, 0, 0, 0 ], [ 0, 0, 0, 0, 0\
, 0, 0, 0, 0, 0, 0, 0, 0, 0, 0 ], [ 0, 0, 0, 0, 1/64, 0, 0, 0, 0, 0, 0, -1/64,\
 0, 1/64, 0 ], [ 0, 0, 0, 0, 0, 0, 0, 0, 0, 0, 0, 0, 0, 0, 0 ], [ 0, 0, 0, 0, \
0, 0, 0, 0, 0, 0, 0, 0, 0, 0, 0 ], [ 0, 0, 0, 0, 0, 0, 0, 0, 0, 0, 0, 0, 0, 0,\
 0 ], [ 0, 0, 0, 0, 0, 0, 0, 0, 1/64, 0, -1/64, 0, 0, 1/64, 0 ], [ 0, 0, 0, 0,\
 0, 0, 0, 0, 0, 0, 0, 0, 0, 0, 0 ], [ 0, 0, 0, 0, 0, 0, 0, 0, -1/64, 0, 1/64, \
0, 0, 1/64, 0 ], [ 0, 0, 0, 0, -1/64, 0, 0, 0, 0, 0, 0, 1/64, 0, 1/64, 0 ], [ \
0, -1/64, 0, 0, 0, 0, 0, 0, 0, 0, 0, 0, 1/64, 1/64, 0 ], [ 0, 0, 0, 0, 0, 0, 0\
, 0, 0, 0, 0, 0, 0, 1, 0 ] ], [ [ 1/64, 0, 0, 0, 0, 0, 0, 0, 0, 0, 0, 0, 0, -1\
/64, 1/64 ], [ 0, 0, 0, 0, 0, 0, 0, 0, 0, 0, 0, 0, 0, 0, 0 ], [ 0, 0, 1/64, 0,\
 0, 0, 0, 0, 0, 0, 0, 0, -1/64, 0, 1/64 ], [ 0, 0, 0, 0, 0, 0, 0, 0, 0, 0, 0, \
0, 0, 0, 0 ], [ 0, 0, 0, 0, 0, 0, 0, 0, 0, 0, 0, 0, 0, 0, 0 ], [ 0, 0, 0, 0, 0\
, 1/64, 0, 0, 0, 0, 0, -1/64, 0, 0, 1/64 ], [ 0, 0, 0, 0, 0, 0, 0, 0, 0, 0, 0,\
 0, 0, 0, 0 ], [ 0, 0, 0, 0, 0, 0, 0, 0, 0, 0, 0, 0, 0, 0, 0 ], [ 0, 0, 0, 0, \
0, 0, 0, 0, 0, 0, 0, 0, 0, 0, 0 ], [ 0, 0, 0, 0, 0, 0, 0, 0, 0, 1/64, -1/64, 0\
, 0, 0, 1/64 ], [ 0, 0, 0, 0, 0, 0, 0, 0, 0, -1/64, 1/64, 0, 0, 0, 1/64 ], [ 0\
, 0, 0, 0, 0, -1/64, 0, 0, 0, 0, 0, 1/64, 0, 0, 1/64 ], [ 0, 0, -1/64, 0, 0, 0\
, 0, 0, 0, 0, 0, 0, 1/64, 0, 1/64 ], [ -1/64, 0, 0, 0, 0, 0, 0, 0, 0, 0, 0, 0,\
 0, 1/64, 1/64 ], [ 0, 0, 0, 0, 0, 0, 0, 0, 0, 0, 0, 0, 0, 0, 1 ] ] ]
),
	[ [ (5,6), [ 1, 0, 0, 0, 0, 0, 0, 0, 0, 0, 0, 0, 0, 0, 0 ] ], [ (4,5), [ 0, 1\
, 0, 0, 0, 0, 0, 0, 0, 0, 0, 0, 0, 0, 0 ] ], [ (4,6), [ 0, 0, 1, 0, 0, 0, 0, 0\
, 0, 0, 0, 0, 0, 0, 0 ] ], [ (3,4), [ 0, 0, 0, 1, 0, 0, 0, 0, 0, 0, 0, 0, 0, 0\
, 0 ] ], [ (3,5), [ 0, 0, 0, 0, 1, 0, 0, 0, 0, 0, 0, 0, 0, 0, 0 ] ], [ (3,6), \
[ 0, 0, 0, 0, 0, 1, 0, 0, 0, 0, 0, 0, 0, 0, 0 ] ], [ (2,3), [ 0, 0, 0, 0, 0, 0\
, 1, 0, 0, 0, 0, 0, 0, 0, 0 ] ], [ (2,4), [ 0, 0, 0, 0, 0, 0, 0, 1, 0, 0, 0, 0\
, 0, 0, 0 ] ], [ (2,5), [ 0, 0, 0, 0, 0, 0, 0, 0, 1, 0, 0, 0, 0, 0, 0 ] ], [ (\
2,6), [ 0, 0, 0, 0, 0, 0, 0, 0, 0, 1, 0, 0, 0, 0, 0 ] ], [ (1,2), [ 0, 0, 0, 0\
, 0, 0, 0, 0, 0, 0, 1, 0, 0, 0, 0 ] ], [ (1,3), [ 0, 0, 0, 0, 0, 0, 0, 0, 0, 0\
, 0, 1, 0, 0, 0 ] ], [ (1,4), [ 0, 0, 0, 0, 0, 0, 0, 0, 0, 0, 0, 0, 1, 0, 0 ] \
], [ (1,5), [ 0, 0, 0, 0, 0, 0, 0, 0, 0, 0, 0, 0, 0, 1, 0 ] ], [ (1,6), [ 0, 0\
, 0, 0, 0, 0, 0, 0, 0, 0, 0, 0, 0, 0, 1 ] ] ],
	[ (5,6), (4,5), (4,6), (3,4), (3,5), (3,6), (2,3), (2,4), (2,5), (2,6), (1,2)\
, (1,3), (1,4), (1,5), (1,6) ]
),

AxialRep(
	VirasoroFusion(4,3),
	TrgpNC(
	Group( [ (1,2,3,4,5,6), (1,2) ] ),
	[ (1,2), (1,2)(3,4) ],
	[ [ [ (1,2), (1,2)(3,4) ], [ 2, "A" ] ], [ [ (1,2), (1,3) ], [ 3, "A" ] ], [ \
[ (1,2)(3,4), (1,2)(3,5) ], [ 3, "A" ] ], [ [ (5,6), (2,3)(4,5) ], [ 6, "A" ] \
], [ [ (5,6), (3,4) ], [ 2, "B" ] ], [ [ (3,4)(5,6), (3,5)(4,6) ], [ 2, "B" ] \
], [ [ (3,4)(5,6), (1,2)(5,6) ], [ 2, "B" ] ], [ [ (5,6), (3,5)(4,6) ], [ 4, "\
A" ] ], [ [ (3,4)(5,6), (1,2)(4,5) ], [ 4, "A" ] ], [ [ (5,6), (1,2)(3,4) ], [\
 2, "B" ] ], [ [ (3,4)(5,6), (2,3)(4,5) ], [ 5, "A" ] ], [ [ (3,4)(5,6), (1,3)\
(2,5) ], [ 3, "A" ] ] ]
),
	Alg(
	Rationals^0,
	[ [ ] ]
),
	[ ],
	[ ]
),

AxialRep(
	VirasoroFusion(4,3),
	TrgpNC(
	Group( [ (1,2,3,4,5,6), (1,2) ] ),
	[ (1,2), (1,2)(3,4) ],
	[ [ [ (1,2), (1,2)(3,4) ], [ 2, "A" ] ], [ [ (1,2), (1,3) ], [ 3, "A" ] ], [ \
[ (1,2)(3,4), (1,2)(3,5) ], [ 3, "A" ] ], [ [ (5,6), (2,3)(4,5) ], [ 6, "A" ] \
], [ [ (5,6), (3,4) ], [ 2, "B" ] ], [ [ (3,4)(5,6), (3,5)(4,6) ], [ 2, "B" ] \
], [ [ (3,4)(5,6), (1,2)(5,6) ], [ 2, "B" ] ], [ [ (5,6), (3,5)(4,6) ], [ 4, "\
A" ] ], [ [ (3,4)(5,6), (1,2)(4,5) ], [ 4, "A" ] ], [ [ (5,6), (1,2)(3,4) ], [\
 2, "B" ] ], [ [ (3,4)(5,6), (2,3)(4,5) ], [ 5, "A" ] ], [ [ (3,4)(5,6), (1,3)\
(2,5) ], [ 3, "C" ] ] ]
),
	Alg(
	Rationals^0,
	[ [ ] ]
),
	[ ],
	[ ]
),

AxialRep(
	VirasoroFusion(4,3),
	TrgpNC(
	Group( [ (1,2,3,4,5,6), (1,2) ] ),
	[ (1,2), (1,2)(3,4) ],
	[ [ [ (1,2), (1,2)(3,4) ], [ 2, "A" ] ], [ [ (1,2), (1,3) ], [ 3, "A" ] ], [ \
[ (1,2)(3,4), (1,2)(3,5) ], [ 3, "A" ] ], [ [ (5,6), (2,3)(4,5) ], [ 6, "A" ] \
], [ [ (5,6), (3,4) ], [ 2, "B" ] ], [ [ (3,4)(5,6), (3,5)(4,6) ], [ 2, "B" ] \
], [ [ (3,4)(5,6), (1,2)(5,6) ], [ 2, "B" ] ], [ [ (5,6), (3,5)(4,6) ], [ 4, "\
A" ] ], [ [ (3,4)(5,6), (1,2)(4,5) ], [ 4, "A" ] ], [ [ (5,6), (1,2)(3,4) ], [\
 2, "A" ] ], [ [ (3,4)(5,6), (2,3)(4,5) ], [ 5, "A" ] ], [ [ (3,4)(5,6), (1,3)\
(2,5) ], [ 3, "A" ] ] ]
),
	Alg(
	Rationals^0,
	[ [ ] ]
),
	[ ],
	[ ]
),

AxialRep(
	VirasoroFusion(4,3),
	TrgpNC(
	Group( [ (1,2,3,4,5,6), (1,2) ] ),
	[ (1,2), (1,2)(3,4) ],
	[ [ [ (1,2), (1,2)(3,4) ], [ 2, "A" ] ], [ [ (1,2), (1,3) ], [ 3, "A" ] ], [ \
[ (1,2)(3,4), (1,2)(3,5) ], [ 3, "A" ] ], [ [ (5,6), (2,3)(4,5) ], [ 6, "A" ] \
], [ [ (5,6), (3,4) ], [ 2, "B" ] ], [ [ (3,4)(5,6), (3,5)(4,6) ], [ 2, "B" ] \
], [ [ (3,4)(5,6), (1,2)(5,6) ], [ 2, "B" ] ], [ [ (5,6), (3,5)(4,6) ], [ 4, "\
A" ] ], [ [ (3,4)(5,6), (1,2)(4,5) ], [ 4, "A" ] ], [ [ (5,6), (1,2)(3,4) ], [\
 2, "A" ] ], [ [ (3,4)(5,6), (2,3)(4,5) ], [ 5, "A" ] ], [ [ (3,4)(5,6), (1,3)\
(2,5) ], [ 3, "C" ] ] ]
),
	Alg(
	Rationals^0,
	[ [ ] ]
),
	[ ],
	[ ]
)
];