return [
AxialRep(
	VirasoroFusion(6,5),
	TrgpNC(
	Group( [ (1,2,3,4), (1,2) ] ),
	[ (1,2) ],
	[ [ [ (1,2), (1,3) ], [ 3, "A" ] ], [ [ (3,4), (1,2) ], [ 2, "A" ] ] ]
),
	Alg(
	Rationals^6,
	[ [ [ 1, 0, 0, 0, 0, 0 ] ], [ [ 1664/4959, -1664/1653, 832/2755, 0, 0, 0 ], [\
 0, 1, 0, 0, 0, 0 ] ], [ [ 1664/4959, -6149/13224, -14833/22040, 0, 0, 0 ], [ \
34801/39672, -3497/1102, -14833/22040, 0, 0, 0 ], [ 0, 0, 1, 0, 0, 0 ] ], [ [ \
3/16, 0, 0, -4/9, 0, 0 ], [ 0, -3497/1102, 0, -14833/22040, 34801/39672, 0 ], \
[ 0, 0, -14833/22040, -3497/1102, 0, 34801/39672 ], [ 0, 0, 0, 1, 0, 0 ] ], [ \
[ 1664/4959, 0, 0, 0, -1664/1653, 832/2755 ], [ 0, -1664/1653, 0, 832/2755, 16\
64/4959, 0 ], [ 0, 0, 3/16, 0, -4/9, 0 ], [ 0, -6149/13224, 0, -14833/22040, 1\
664/4959, 0 ], [ 0, 0, 0, 0, 1, 0 ] ], [ [ 1664/4959, 0, 0, 0, -6149/13224, -1\
4833/22040 ], [ 0, 3/16, 0, 0, 0, -4/9 ], [ 0, 0, -14833/22040, -6149/13224, 0\
, 1664/4959 ], [ 0, 0, 832/2755, -1664/1653, 0, 1664/4959 ], [ 34801/39672, 0,\
 0, 0, -3497/1102, -14833/22040 ], [ 0, 0, 0, 0, 0, 1 ] ] ]
),
	[ [ (3,4), [ 1, 0, 0, 0, 0, 0 ] ], [ (2,3), [ 0, 1, 0, 0, 0, 0 ] ], [ (2,4), \
[ 0, 0, 1, 0, 0, 0 ] ], [ (1,2), [ 0, 0, 0, 1, 0, 0 ] ], [ (1,3), [ 0, 0, 0, 0\
, 1, 0 ] ], [ (1,4), [ 0, 0, 0, 0, 0, 1 ] ] ],
	[ (3,4), (2,3), (2,4), (1,2), (1,3), (1,4) ]
)
];