return [
AxialRep(
	VirasoroFusion(8,7),
	TrgpNC(
	Group( [ (1,2)(3,5), (1,3)(4,5), (2,5)(3,4), (1,4)(2,3), (1,5)(2,4) ] ),
	[ (1,2)(3,5) ],
	[ [ [ (2,5)(3,4), (1,2)(3,5) ], [ 5, "A" ] ], [ [ (2,5)(3,4), (1,3)(4,5) ], [\
 5, "A" ] ] ]
),
	Alg(
	Rationals^6,
	[ [ [ 1, 0, 0, 0, 0, 0 ] ], [ [ 0, 0, 0, 0, 0, 1 ], [ 0, 1, 0, 0, 0, 0 ] ], [\
 fail, fail, [ 0, 0, 1, 0, 0, 0 ] ], [ fail, fail, fail, [ 0, 0, 0, 1, 0, 0 ] \
], [ fail, fail, fail, fail, [ 0, 0, 0, 0, 1, 0 ] ], [ fail, fail, fail, fail,\
 fail, fail ] ]
),
	[ [ (2,5)(3,4), [ 1, 0, 0, 0, 0, 0 ] ], [ (1,2)(3,5), [ 0, 1, 0, 0, 0, 0 ] ],\
 [ (1,3)(4,5), [ 0, 0, 1, 0, 0, 0 ] ], [ (1,4)(2,3), [ 0, 0, 0, 1, 0, 0 ] ], [\
 (1,5)(2,4), [ 0, 0, 0, 0, 1, 0 ] ] ],
	[ (2,5)(3,4), (1,2)(3,5), (1,3)(4,5), (1,4)(2,3), (1,5)(2,4), [ (2,5)(3,4), (\
1,2)(3,5) ] ]
)
];