return [
AxialRep(
	VirasoroFusion(5,4),
	TrgpNC(
	Group( [ (1,2)(3,4), (1,3)(2,4) ] ),
	[ (1,2)(3,4), (1,3)(2,4) ],
	[ [ [ (1,2)(3,4), (1,3)(2,4) ], [ 2, "A" ] ] ]
),
	Alg(
	Rationals^3,
	[ [ [ 1, 0, 0 ] ], [ [ 0, 0, 1 ], [ 0, 1, 0 ] ], [ [ 3/32, 0, 3/4 ], [ 0, 3/3\
2, 3/4 ], [ 9/128, 9/128, 15/32 ] ] ]
),
	[ [ (1,2)(3,4), [ 1, 0, 0 ] ], [ (1,3)(2,4), [ 0, 1, 0 ] ] ],
	[ (1,2)(3,4), (1,3)(2,4), [ (1,2)(3,4), (1,3)(2,4) ] ]
),

AxialRep(
	VirasoroFusion(5,4),
	TrgpNC(
	Group( [ (1,2)(3,4), (1,3)(2,4) ] ),
	[ (1,2)(3,4), (1,3)(2,4) ],
	[ [ [ (1,2)(3,4), (1,3)(2,4) ], [ 2, "B" ] ] ]
),
	Alg(
	Rationals^2,
	[ [ [ 1, 0 ] ], [ [ 0, 0 ], [ 0, 1 ] ] ]
),
	[ [ (1,2)(3,4), [ 1, 0 ] ], [ (1,3)(2,4), [ 0, 1 ] ] ],
	[ (1,2)(3,4), (1,3)(2,4) ]
)
];