return [
AxialRep(
	VirasoroFusion(5,4),
	TrgpNC(
	Group( [ (3,4), (1,2), (1,3)(2,4), (1,4)(2,3) ] ),
	[ (3,4), (1,3)(2,4) ],
	[ [ [ (3,4), (1,2) ], [ 2, "A" ] ], [ [ (3,4), (1,3)(2,4) ], [ 2, "A" ] ], [ \
[ (1,3)(2,4), (1,4)(2,3) ], [ 4, "A" ] ] ]
),
	Alg(
	Rationals^5,
	[ [ [ 1, 0, 0, 0, 0 ] ], [ [ 0, 0, 0, 0, 1 ], [ 0, 1, 0, 0, 0 ] ], [ [ 7/32, \
0, 7/64, -7/64, 7/8 ], [ 0, 7/32, 7/64, -7/64, 7/8 ], [ 0, 0, 1, 0, 0 ] ], [ [\
 7/32, 0, -7/64, 7/64, 7/8 ], [ 0, 7/32, -7/64, 7/64, 7/8 ], [ 1/8, 1/8, -1/8,\
 -1/8, 1 ], [ 0, 0, 0, 1, 0 ] ], [ [ 3/32, 0, 0, 0, 3/4 ], [ 0, 3/32, 0, 0, 3/\
4 ], [ 21/256, 21/256, 21/256, -21/256, 21/32 ], [ 21/256, 21/256, -21/256, 21\
/256, 21/32 ], [ 9/128, 9/128, 0, 0, 15/32 ] ] ]
),
	[ [ (3,4), [ 1, 0, 0, 0, 0 ] ], [ (1,2), [ 0, 1, 0, 0, 0 ] ], [ (1,3)(2,4), [\
 0, 0, 1, 0, 0 ] ], [ (1,4)(2,3), [ 0, 0, 0, 1, 0 ] ] ],
	[ (3,4), (1,2), (1,3)(2,4), (1,4)(2,3), [ (3,4), (1,2) ] ]
)
];