return [
AxialRep(
	VirasoroFusion(12,11),
	TrgpNC(
	Group( [ (1,2)(3,4), (1,3)(2,4) ] ),
	[ (1,2)(3,4), (1,3)(2,4) ],
	[ [ [ (1,2)(3,4), (1,3)(2,4) ], [ 2, "A" ] ] ]
),
	Alg(
	Rationals^5,
	[ [ [ 1, 0, 0, 0, 0 ] ], [ [ 0, 0, 1, 0, 0 ], [ 0, 1, 0, 0, 0 ] ], [ [ 0, 0, \
0, 1, 0 ], [ -17/242, 17/242, 0, 1, 0 ], [ 0, 0, 0, 0, 1 ] ], [ [ 1869/30976, \
-3525/340736, 959/15488, 219/352, 15/64 ], [ -18417/340736, 11515/340736, 2047\
/15488, 219/352, 15/64 ], [ 12497/3748096, -33947/3748096, 1825/170368, -411/3\
872, 753/704 ], [ 288099/41229056, -642209/41229056, -23053/1874048, -6929/425\
92, 8691/7744 ] ], [ [ 109221/1874048, -76375/1874048, 33413/85184, -767/1936,\
 325/352 ], [ -24219/1874048, 57065/1874048, 33413/85184, -767/1936, 325/352 ]\
, [ 5089/1874048, -47339/1874048, -8245/937024, -771/1936, 481/352 ], [ 102937\
5/453519616, -13258581/453519616, -1387473/20614528, -176757/468512, 117599/85\
184 ], [ -464331/56689952, -1899063/56689952, -598547/2576816, -21099/58564, 1\
77487/117128 ] ] ]
),
	[ [ (1,2)(3,4), [ 1, 0, 0, 0, 0 ] ], [ (1,3)(2,4), [ 0, 1, 0, 0, 0 ] ] ],
	[ (1,2)(3,4), (1,3)(2,4), [ (1,2)(3,4), (1,3)(2,4) ], [ (1,2)(3,4), [ (1,2)(3\
,4), (1,3)(2,4) ] ], [ [ (1,2)(3,4), (1,3)(2,4) ], [ (1,2)(3,4), (1,3)(2,4) ] \
] ]
),

AxialRep(
	VirasoroFusion(12,11),
	TrgpNC(
	Group( [ (1,2)(3,4), (1,3)(2,4) ] ),
	[ (1,2)(3,4), (1,3)(2,4) ],
	[ [ [ (1,2)(3,4), (1,3)(2,4) ], [ 2, "B" ] ] ]
),
	Alg(
	Rationals^3,
	[ [ [ 1, 0, 0 ] ], [ [ 0, 0, 1 ], [ 0, 1, 0 ] ], [ [ 3/242, 0, 13/22 ], [ 0, \
3/242, 13/22 ], [ 39/5324, 39/5324, 29/242 ] ] ]
),
	[ [ (1,2)(3,4), [ 1, 0, 0 ] ], [ (1,3)(2,4), [ 0, 1, 0 ] ] ],
	[ (1,2)(3,4), (1,3)(2,4), [ (1,2)(3,4), (1,3)(2,4) ] ]
)
];